#--------------------------------------------------------------------
#Temperature Measurments using a Lakeshore Temperature Monitor 218 1-4 DT-670,5-6 Cernox
#Type of file: Complete Data
#Sensors: Sensor 1 -- Diode1  Sensor 2 -- Diode2  Sensor 3 -- Diode3  Sensor 4 -- Diode4  Sensor 5 -- Cernox5  Sensor 6 -- Cernox6  
#Date: 07-05-2021 15:46:31
#--------------------------------------------------------------------

#    Time	Sensor 1	Sensor 2	Sensor 3	Sensor 4	Sensor 5	Sensor 6	
      0.36	+294.39	+294.36	+295.13	+294.38	+286.05	+285.69
      1.26	+294.40	+294.35	+295.13	+294.38	+286.07	+285.76
      2.17	+294.40	+294.35	+295.14	+294.38	+286.14	+285.71
      3.08	+294.40	+294.35	+295.14	+294.38	+286.03	+285.66
      3.99	+294.40	+294.35	+295.13	+294.38	+285.98	+285.53
      4.89	+294.40	+294.35	+295.14	+294.38	+285.99	+285.71
      5.79	+294.40	+294.35	+295.13	+294.38	+285.83	+285.70
      6.70	+294.39	+294.35	+295.13	+294.38	+285.92	+285.82
      7.61	+294.39	+294.35	+295.13	+294.38	+286.05	+285.92
      8.51	+294.39	+294.35	+295.13	+294.38	+286.10	+285.82
      9.41	+294.39	+294.35	+295.14	+294.38	+286.01	+285.68
     10.32	+294.39	+294.36	+295.13	+294.38	+286.01	+285.76
     11.22	+294.40	+294.35	+295.13	+294.38	+285.93	+285.59
     12.13	+294.40	+294.35	+295.14	+294.38	+285.93	+285.41
     13.03	+294.40	+294.35	+295.14	+294.39	+286.00	+285.61
     13.94	+294.40	+294.35	+295.13	+294.38	+285.85	+285.62
     14.84	+294.40	+294.35	+295.13	+294.38	+285.98	+285.82
     15.75	+294.39	+294.35	+295.13	+294.38	+285.91	+285.71
     16.65	+294.39	+294.35	+295.14	+294.38	+286.00	+285.89
     17.56	+294.40	+294.35	+295.14	+294.38	+285.95	+285.83
     18.46	+294.39	+294.35	+295.13	+294.38	+285.97	+285.67
     19.37	+294.39	+294.35	+295.14	+294.38	+285.89	+285.54
     20.27	+294.40	+294.35	+295.14	+294.38	+285.85	+285.56
     21.18	+294.40	+294.36	+295.13	+294.39	+285.98	+285.56
     22.08	+294.40	+294.35	+295.13	+294.39	+285.91	+285.62
     22.98	+294.40	+294.36	+295.13	+294.38	+285.93	+285.51
     23.89	+294.40	+294.35	+295.14	+294.39	+285.76	+285.57
     24.79	+294.39	+294.35	+295.14	+294.38	+285.85	+285.65
     25.70	+294.39	+294.35	+295.13	+294.38	+285.96	+285.93
     26.60	+294.39	+294.36	+295.14	+294.38	+285.91	+285.71
     27.51	+294.39	+294.35	+295.13	+294.38	+285.82	+285.91
     28.41	+294.39	+294.35	+295.13	+294.38	+285.98	+285.64
     29.32	+294.39	+294.35	+295.14	+294.39	+285.91	+285.77
     30.22	+294.40	+294.35	+295.13	+294.38	+285.86	+285.53
     31.13	+294.40	+294.35	+295.14	+294.39	+286.03	+285.66
     32.03	+294.40	+294.35	+295.14	+294.38	+285.99	+285.59
     32.93	+294.40	+294.35	+295.14	+294.39	+285.92	+285.69
     33.84	+294.40	+294.35	+295.14	+294.38	+286.00	+285.67
     34.74	+294.40	+294.36	+295.14	+294.38	+286.09	+285.68
     35.65	+294.40	+294.35	+295.13	+294.38	+285.95	+285.77
     36.55	+294.40	+294.35	+295.14	+294.38	+285.88	+285.89
     37.46	+294.40	+294.36	+295.13	+294.38	+286.03	+285.74
     38.36	+294.40	+294.36	+295.14	+294.39	+285.91	+285.64
     39.27	+294.40	+294.35	+295.14	+294.39	+286.07	+285.76
     40.17	+294.40	+294.35	+295.14	+294.39	+285.95	+285.64
     41.08	+294.40	+294.36	+295.14	+294.39	+286.01	+285.68
     41.98	+294.40	+294.35	+295.14	+294.39	+286.08	+285.69
     42.89	+294.40	+294.35	+295.13	+294.39	+285.95	+285.69
     43.79	+294.40	+294.35	+295.14	+294.38	+286.01	+285.69
     44.70	+294.40	+294.35	+295.13	+294.38	+286.03	+285.81
     45.60	+294.40	+294.35	+295.14	+294.38	+285.94	+285.58
     46.51	+294.40	+294.35	+295.14	+294.38	+285.88	+285.71
     47.41	+294.40	+294.36	+295.14	+294.38	+285.93	+285.74
     48.32	+294.40	+294.35	+295.13	+294.39	+285.91	+285.75
     49.22	+294.40	+294.35	+295.13	+294.39	+286.03	+285.77
     50.13	+294.40	+294.35	+295.13	+294.39	+285.89	+285.70
     51.03	+294.40	+294.35	+295.13	+294.39	+285.95	+285.71
     51.93	+294.40	+294.35	+295.13	+294.39	+285.98	+285.62
     52.84	+294.40	+294.36	+295.14	+294.38	+285.89	+285.69
     53.74	+294.40	+294.35	+295.14	+294.38	+285.87	+285.66
     54.65	+294.40	+294.36	+295.14	+294.38	+285.87	+285.62
     55.56	+294.40	+294.35	+295.14	+294.38	+285.95	+285.69
     56.46	+294.40	+294.36	+295.14	+294.38	+285.95	+285.63
     57.37	+294.40	+294.36	+295.14	+294.38	+285.92	+285.62
     58.27	+294.40	+294.35	+295.13	+294.38	+285.94	+285.66
     59.17	+294.40	+294.36	+295.13	+294.39	+286.03	+285.65
     60.08	+294.40	+294.35	+295.13	+294.38	+286.07	+285.71
     60.98	+294.40	+294.35	+295.13	+294.38	+285.95	+285.57
     61.89	+294.40	+294.36	+295.13	+294.38	+286.00	+285.63
     62.79	+294.40	+294.36	+295.13	+294.38	+285.93	+285.65
     63.70	+294.40	+294.35	+295.14	+294.38	+285.93	+285.74
     64.60	+294.40	+294.36	+295.14	+294.38	+285.91	+285.86
     65.51	+294.40	+294.35	+295.14	+294.38	+285.89	+285.71
     66.41	+294.40	+294.35	+295.14	+294.38	+285.97	+285.93
     67.32	+294.40	+294.36	+295.13	+294.39	+286.08	+285.79
     68.22	+294.40	+294.36	+295.13	+294.38	+286.15	+285.69
     69.13	+294.40	+294.36	+295.13	+294.38	+286.01	+285.65
     70.03	+294.40	+294.36	+295.13	+294.38	+286.06	+285.62
     70.94	+294.40	+294.35	+295.13	+294.38	+286.05	+285.44
     71.84	+294.40	+294.35	+295.14	+294.38	+285.87	+285.47
     72.75	+294.40	+294.35	+295.14	+294.38	+286.12	+285.71
     73.65	+294.40	+294.35	+295.14	+294.38	+286.08	+285.74
     74.56	+294.40	+294.35	+295.14	+294.38	+285.84	+285.62
     75.46	+294.40	+294.36	+295.14	+294.38	+285.91	+285.83
     76.37	+294.40	+294.36	+295.13	+294.38	+286.01	+285.84
     77.27	+294.40	+294.36	+295.13	+294.38	+286.08	+285.72
     78.18	+294.40	+294.35	+295.13	+294.38	+286.03	+285.77
     79.08	+294.40	+294.36	+295.13	+294.38	+286.03	+285.67
     79.98	+294.40	+294.36	+295.13	+294.38	+286.03	+285.73
     80.89	+294.40	+294.36	+295.14	+294.38	+285.98	+285.59
     81.80	+294.40	+294.35	+295.14	+294.38	+285.98	+285.68
     82.70	+294.40	+294.35	+295.14	+294.38	+285.96	+285.70
     83.61	+294.40	+294.35	+295.14	+294.38	+285.91	+285.67
     84.51	+294.40	+294.35	+295.14	+294.38	+285.99	+285.79
     85.41	+294.40	+294.36	+295.14	+294.38	+285.95	+285.77
     86.32	+294.40	+294.36	+295.13	+294.39	+285.93	+285.77
     87.22	+294.40	+294.35	+295.13	+294.39	+285.81	+285.57
     88.13	+294.40	+294.36	+295.13	+294.39	+285.93	+285.71
     89.03	+294.40	+294.36	+295.13	+294.38	+286.08	+285.48
     89.94	+294.40	+294.36	+295.14	+294.39	+285.93	+285.41
     90.85	+294.40	+294.36	+295.14	+294.38	+285.87	+285.40
     91.76	+294.40	+294.35	+295.14	+294.39	+285.93	+285.65
     92.66	+294.40	+294.35	+295.14	+294.38	+285.93	+285.59
     93.57	+294.40	+294.35	+295.14	+294.38	+285.87	+285.74
     94.47	+294.40	+294.35	+295.14	+294.38	+286.01	+285.82
     95.38	+294.40	+294.36	+295.13	+294.38	+285.93	+285.84
     96.28	+294.40	+294.36	+295.14	+294.38	+286.00	+285.73
     97.18	+294.40	+294.36	+295.14	+294.38	+285.98	+285.74
     98.09	+294.40	+294.36	+295.13	+294.39	+286.07	+285.74
     98.99	+294.40	+294.36	+295.14	+294.38	+286.12	+285.69
     99.90	+294.40	+294.35	+295.14	+294.38	+286.06	+285.65
    100.80	+294.40	+294.35	+295.14	+294.38	+286.08	+285.79
    101.71	+294.40	+294.35	+295.14	+294.38	+286.09	+285.76
    102.61	+294.40	+294.35	+295.14	+294.39	+286.02	+285.73
    103.52	+294.40	+294.35	+295.14	+294.39	+286.01	+285.92
    104.42	+294.40	+294.35	+295.14	+294.38	+285.98	+285.98
    105.33	+294.40	+294.36	+295.14	+294.38	+285.92	+285.75
    106.23	+294.40	+294.36	+295.14	+294.39	+286.03	+285.82
    107.14	+294.40	+294.36	+295.14	+294.38	+286.12	+285.73
    108.04	+294.40	+294.36	+295.13	+294.38	+286.03	+285.74
    108.95	+294.40	+294.36	+295.14	+294.38	+286.15	+285.67
    109.85	+294.40	+294.35	+295.14	+294.38	+286.02	+285.74
    110.76	+294.40	+294.35	+295.14	+294.39	+286.02	+285.73
    111.66	+294.40	+294.35	+295.14	+294.38	+286.00	+285.89
    112.57	+294.40	+294.35	+295.14	+294.39	+286.02	+285.67
    113.47	+294.40	+294.35	+295.14	+294.39	+286.05	+285.79
    114.38	+294.39	+294.36	+295.14	+294.38	+285.95	+285.74
    115.28	+294.39	+294.36	+295.14	+294.39	+286.10	+285.73
    116.19	+294.39	+294.36	+295.14	+294.39	+286.11	+285.72
    117.09	+294.39	+294.36	+295.14	+294.38	+286.04	+285.60
    118.00	+294.39	+294.36	+295.14	+294.39	+286.03	+285.68
    118.90	+294.40	+294.35	+295.14	+294.39	+285.95	+285.68
    119.81	+294.40	+294.35	+295.14	+294.38	+285.87	+285.71
    120.71	+294.40	+294.35	+295.14	+294.39	+286.10	+285.69
    121.62	+294.40	+294.35	+295.14	+294.38	+286.03	+285.69
    122.52	+294.40	+294.35	+295.14	+294.39	+285.87	+285.79
    123.43	+294.40	+294.36	+295.13	+294.39	+285.93	+285.59
    124.33	+294.39	+294.36	+295.14	+294.38	+285.85	+285.78
    125.24	+294.40	+294.36	+295.14	+294.38	+285.88	+285.84
    126.14	+294.40	+294.36	+295.14	+294.39	+285.99	+285.69
    127.05	+294.40	+294.36	+295.14	+294.38	+285.98	+285.69
    127.95	+294.40	+294.36	+295.14	+294.38	+286.01	+285.64
    128.86	+294.40	+294.36	+295.14	+294.38	+286.03	+285.57
    129.76	+294.40	+294.36	+295.13	+294.38	+285.93	+285.57
    130.67	+294.40	+294.36	+295.14	+294.39	+285.85	+285.52
    131.57	+294.40	+294.36	+295.14	+294.39	+286.09	+285.63
    132.48	+294.40	+294.35	+295.14	+294.38	+285.98	+285.79
    133.38	+294.39	+294.36	+295.14	+294.38	+285.89	+285.62
    134.29	+294.39	+294.35	+295.14	+294.39	+286.05	+285.92
    135.19	+294.39	+294.35	+295.14	+294.39	+285.93	+285.73
    136.10	+294.39	+294.36	+295.14	+294.38	+286.00	+285.52
    137.00	+294.39	+294.35	+295.14	+294.39	+285.93	+285.66
    137.91	+294.40	+294.36	+295.13	+294.39	+285.94	+285.60
    138.81	+294.40	+294.35	+295.14	+294.38	+285.91	+285.68
    139.71	+294.40	+294.35	+295.14	+294.39	+285.89	+285.64
    140.62	+294.40	+294.35	+295.14	+294.39	+286.02	+285.71
    141.52	+294.40	+294.36	+295.14	+294.38	+286.02	+285.69
    142.43	+294.39	+294.36	+295.14	+294.38	+285.89	+285.64
    143.33	+294.39	+294.36	+295.14	+294.38	+286.08	+285.83
    144.24	+294.39	+294.35	+295.14	+294.38	+286.07	+285.74
    145.14	+294.39	+294.36	+295.14	+294.38	+285.97	+285.96
    146.05	+294.39	+294.36	+295.14	+294.38	+285.94	+285.77
    146.95	+294.39	+294.35	+295.14	+294.38	+286.04	+285.71
    147.86	+294.40	+294.36	+295.14	+294.39	+285.87	+285.62
    148.76	+294.40	+294.36	+295.14	+294.39	+286.08	+285.62
    149.67	+294.40	+294.35	+295.14	+294.39	+285.95	+285.52
    150.57	+294.40	+294.35	+295.14	+294.39	+285.97	+285.69
    151.48	+294.40	+294.36	+295.14	+294.38	+285.91	+285.75
    152.38	+294.40	+294.36	+295.14	+294.39	+285.96	+285.84
    153.29	+294.40	+294.36	+295.14	+294.38	+286.04	+285.95
    154.19	+294.40	+294.35	+295.14	+294.38	+286.06	+285.94
    155.10	+294.40	+294.35	+295.14	+294.39	+285.89	+285.77
    156.00	+294.40	+294.36	+295.14	+294.39	+286.00	+285.84
    156.91	+294.40	+294.36	+295.14	+294.39	+285.97	+285.82
    157.81	+294.40	+294.36	+295.14	+294.39	+286.07	+285.45
    158.72	+294.40	+294.36	+295.14	+294.39	+286.16	+285.72
    159.62	+294.40	+294.36	+295.14	+294.39	+285.95	+285.73
    160.53	+294.40	+294.36	+295.14	+294.39	+285.93	+285.77
    161.43	+294.40	+294.36	+295.14	+294.38	+286.09	+285.79
    162.34	+294.39	+294.36	+295.14	+294.38	+286.13	+285.89
    163.24	+294.40	+294.36	+295.14	+294.38	+285.98	+285.74
    164.15	+294.39	+294.36	+295.14	+294.39	+285.91	+285.76
    165.05	+294.40	+294.36	+295.14	+294.38	+285.99	+285.66
    165.96	+294.40	+294.36	+295.14	+294.39	+285.96	+285.73
    166.86	+294.40	+294.36	+295.14	+294.39	+286.00	+285.67
    167.77	+294.40	+294.36	+295.14	+294.39	+286.04	+285.65
    168.67	+294.40	+294.36	+295.13	+294.39	+286.12	+285.69
    169.58	+294.40	+294.36	+295.13	+294.39	+285.97	+285.57
    170.48	+294.40	+294.35	+295.14	+294.38	+286.00	+285.80
    171.39	+294.40	+294.36	+295.14	+294.38	+285.98	+285.78
    172.29	+294.40	+294.36	+295.14	+294.38	+285.94	+285.64
    173.20	+294.40	+294.36	+295.14	+294.38	+286.02	+285.71
    174.10	+294.40	+294.36	+295.14	+294.38	+285.91	+285.82
    175.01	+294.40	+294.36	+295.14	+294.39	+286.06	+285.81
    175.91	+294.40	+294.35	+295.14	+294.39	+285.89	+285.60
    176.82	+294.40	+294.36	+295.14	+294.39	+285.98	+285.69
    177.72	+294.40	+294.36	+295.14	+294.39	+286.00	+285.62
    178.62	+294.40	+294.36	+295.14	+294.39	+285.89	+285.67
    179.53	+294.40	+294.36	+295.14	+294.38	+285.63	+285.65
    180.43	+294.40	+294.36	+295.14	+294.39	+285.89	+285.74
    181.35	+294.40	+294.36	+295.14	+294.38	+285.90	+285.82
    182.25	+294.40	+294.36	+295.14	+294.39	+285.95	+285.76
    183.16	+294.40	+294.36	+295.14	+294.38	+285.98	+285.85
    184.06	+294.40	+294.36	+295.14	+294.39	+285.82	+285.73
    184.97	+294.40	+294.36	+295.14	+294.39	+286.00	+285.74
    185.87	+294.40	+294.36	+295.14	+294.39	+286.08	+285.66
    186.77	+294.40	+294.36	+295.14	+294.39	+286.00	+285.73
    187.68	+294.40	+294.36	+295.14	+294.39	+285.97	+285.73
    188.58	+294.40	+294.36	+295.13	+294.39	+285.85	+285.65
    189.49	+294.40	+294.36	+295.14	+294.38	+286.00	+285.62
    190.40	+294.40	+294.36	+295.14	+294.38	+285.91	+285.76
    191.30	+294.40	+294.36	+295.14	+294.39	+286.01	+285.63
    192.21	+294.40	+294.36	+295.14	+294.39	+285.78	+285.67
    193.11	+294.40	+294.36	+295.14	+294.39	+285.92	+285.68
    194.01	+294.40	+294.36	+295.13	+294.39	+285.98	+285.69
    194.92	+294.40	+294.36	+295.13	+294.39	+286.07	+285.67
    195.82	+294.40	+294.36	+295.13	+294.39	+285.97	+285.62
    196.73	+294.40	+294.36	+295.13	+294.39	+286.10	+285.69
    197.63	+294.40	+294.36	+295.13	+294.39	+285.95	+285.75
    198.54	+294.40	+294.36	+295.14	+294.38	+286.00	+285.71
    199.44	+294.40	+294.36	+295.14	+294.38	+285.86	+285.68
    200.35	+294.40	+294.36	+295.14	+294.39	+285.93	+285.67
    201.25	+294.40	+294.36	+295.14	+294.39	+285.79	+285.67
    202.16	+294.40	+294.36	+295.14	+294.39	+285.90	+285.81
    203.06	+294.40	+294.36	+295.14	+294.39	+285.87	+285.78
    203.97	+294.40	+294.36	+295.13	+294.39	+285.95	+285.65
    204.87	+294.40	+294.36	+295.13	+294.39	+285.99	+285.82
    205.78	+294.40	+294.36	+295.13	+294.39	+285.95	+285.65
    206.68	+294.40	+294.36	+295.13	+294.39	+285.98	+285.56
    207.58	+294.40	+294.36	+295.13	+294.39	+285.93	+285.56
    208.49	+294.40	+294.36	+295.14	+294.39	+285.91	+285.57
    209.39	+294.40	+294.36	+295.14	+294.39	+286.01	+285.63
    210.30	+294.40	+294.35	+295.14	+294.39	+286.11	+285.75
    211.20	+294.40	+294.35	+295.14	+294.39	+286.07	+285.84
    212.11	+294.40	+294.35	+295.14	+294.39	+285.96	+285.74
    213.01	+294.40	+294.36	+295.13	+294.38	+285.91	+285.73
    213.92	+294.40	+294.36	+295.14	+294.39	+285.93	+285.74
    214.82	+294.40	+294.36	+295.13	+294.39	+286.02	+285.67
    215.72	+294.40	+294.36	+295.14	+294.39	+285.91	+285.61
    216.63	+294.40	+294.36	+295.14	+294.39	+286.03	+285.45
    217.53	+294.40	+294.36	+295.14	+294.39	+286.05	+285.54
    218.43	+294.40	+294.35	+295.14	+294.39	+285.87	+285.65
    219.34	+294.40	+294.35	+295.14	+294.39	+285.93	+285.69
    220.26	+294.40	+294.35	+295.14	+294.39	+286.03	+285.65
    221.19	+294.40	+294.35	+295.14	+294.39	+286.00	+285.99
    222.10	+294.40	+294.35	+295.14	+294.39	+285.90	+285.71
    223.00	+294.40	+294.36	+295.14	+294.38	+286.03	+285.82
    223.91	+294.40	+294.36	+295.14	+294.39	+285.90	+285.59
    224.81	+294.40	+294.36	+295.14	+294.39	+285.93	+285.76
    225.71	+294.40	+294.36	+295.14	+294.39	+286.04	+285.55
    226.62	+294.40	+294.36	+295.14	+294.39	+285.94	+285.56
    227.52	+294.40	+294.35	+295.14	+294.39	+286.02	+285.55
    228.42	+294.40	+294.35	+295.14	+294.39	+286.02	+285.69
    229.33	+294.40	+294.36	+295.14	+294.39	+285.89	+285.61
    230.23	+294.40	+294.35	+295.14	+294.39	+286.03	+285.60
    231.14	+294.40	+294.36	+295.14	+294.39	+285.81	+285.65
    232.04	+294.40	+294.36	+295.14	+294.39	+285.82	+285.63
    232.94	+294.40	+294.36	+295.14	+294.39	+285.96	+285.70
    233.85	+294.40	+294.36	+295.14	+294.39	+285.89	+285.57
    234.75	+294.40	+294.36	+295.14	+294.39	+285.87	+285.62
    235.65	+294.40	+294.36	+295.14	+294.38	+285.99	+285.68
    236.56	+294.41	+294.36	+295.14	+294.39	+285.83	+285.62
    237.46	+294.40	+294.36	+295.14	+294.39	+285.89	+285.63
    238.36	+294.41	+294.36	+295.14	+294.39	+286.00	+285.54
    239.27	+294.40	+294.36	+295.14	+294.39	+286.02	+285.57
    240.17	+294.40	+294.36	+295.14	+294.39	+285.98	+285.78
    241.07	+294.40	+294.36	+295.14	+294.39	+285.93	+285.80
    241.98	+294.40	+294.36	+295.14	+294.38	+286.03	+286.03
    242.88	+294.39	+294.36	+295.14	+294.39	+285.95	+285.74
    243.79	+294.39	+294.36	+295.14	+294.39	+286.02	+285.90
    244.69	+294.39	+294.36	+295.14	+294.39	+285.98	+285.67
    245.59	+294.40	+294.36	+295.14	+294.39	+285.96	+285.69
    246.50	+294.40	+294.36	+295.14	+294.39	+285.93	+285.58
    247.40	+294.41	+294.36	+295.14	+294.39	+286.00	+285.54
    248.30	+294.41	+294.36	+295.14	+294.39	+285.93	+285.52
    249.20	+294.40	+294.36	+295.14	+294.39	+286.05	+285.73
    250.11	+294.40	+294.36	+295.14	+294.39	+285.98	+285.59
    251.01	+294.40	+294.36	+295.14	+294.39	+285.93	+285.81
    251.91	+294.40	+294.36	+295.14	+294.39	+286.04	+285.88
    252.82	+294.40	+294.36	+295.14	+294.38	+286.02	+285.87
    253.72	+294.39	+294.36	+295.14	+294.38	+285.96	+285.74
    254.63	+294.39	+294.36	+295.14	+294.39	+286.00	+285.80
    255.53	+294.40	+294.36	+295.14	+294.39	+285.95	+285.77
    256.43	+294.40	+294.36	+295.14	+294.39	+286.06	+285.71
    257.34	+294.40	+294.36	+295.14	+294.39	+286.12	+285.74
    258.24	+294.40	+294.36	+295.14	+294.39	+286.01	+285.76
    259.14	+294.40	+294.36	+295.14	+294.38	+286.01	+285.77
    260.05	+294.40	+294.36	+295.14	+294.38	+285.95	+285.73
    260.95	+294.40	+294.36	+295.14	+294.38	+285.91	+285.91
    261.85	+294.40	+294.36	+295.14	+294.38	+286.08	+285.98
    262.76	+294.40	+294.36	+295.14	+294.39	+285.95	+285.65
    263.66	+294.40	+294.36	+295.14	+294.39	+285.84	+285.86
    264.57	+294.40	+294.36	+295.14	+294.39	+285.90	+285.86
    265.47	+294.40	+294.36	+295.14	+294.39	+286.08	+285.75
    266.38	+294.40	+294.36	+295.14	+294.39	+286.05	+285.64
    267.28	+294.40	+294.36	+295.14	+294.39	+286.03	+285.72
    268.19	+294.40	+294.36	+295.14	+294.39	+285.91	+285.60
    269.09	+294.40	+294.36	+295.14	+294.38	+285.79	+285.65
    270.00	+294.40	+294.36	+295.14	+294.38	+285.98	+285.82
    270.90	+294.40	+294.36	+295.14	+294.39	+285.94	+285.89
    271.81	+294.40	+294.36	+295.14	+294.38	+285.90	+285.73
    272.71	+294.40	+294.36	+295.14	+294.39	+286.08	+285.74
    273.61	+294.40	+294.36	+295.14	+294.39	+285.95	+285.82
    274.52	+294.40	+294.36	+295.14	+294.39	+286.11	+285.74
    275.42	+294.40	+294.36	+295.14	+294.39	+286.03	+285.75
    276.32	+294.40	+294.36	+295.14	+294.39	+286.07	+285.80
    277.23	+294.40	+294.36	+295.14	+294.39	+285.89	+285.57
    278.13	+294.40	+294.36	+295.14	+294.39	+285.98	+285.46
    279.04	+294.40	+294.36	+295.14	+294.39	+286.00	+285.76
    279.94	+294.40	+294.36	+295.14	+294.39	+285.74	+285.59
    280.85	+294.40	+294.36	+295.14	+294.39	+285.80	+285.69
    281.75	+294.40	+294.36	+295.14	+294.39	+286.00	+285.78
    282.65	+294.40	+294.36	+295.14	+294.39	+286.08	+285.70
    283.56	+294.40	+294.36	+295.14	+294.39	+286.01	+285.79
    284.46	+294.40	+294.36	+295.14	+294.39	+286.05	+285.69
    285.37	+294.40	+294.36	+295.13	+294.39	+286.13	+285.63
    286.27	+294.40	+294.36	+295.13	+294.39	+286.00	+285.73
    287.17	+294.40	+294.36	+295.14	+294.38	+285.93	+285.57
    288.08	+294.40	+294.36	+295.14	+294.38	+286.10	+285.84
    288.98	+294.40	+294.36	+295.14	+294.39	+285.99	+285.73
    289.89	+294.40	+294.36	+295.14	+294.39	+286.07	+285.64
    290.79	+294.40	+294.36	+295.14	+294.39	+285.99	+285.82
    291.69	+294.40	+294.36	+295.14	+294.39	+286.05	+285.78
    292.60	+294.40	+294.36	+295.13	+294.39	+285.93	+285.84
    293.50	+294.40	+294.36	+295.13	+294.39	+286.09	+285.77
    294.40	+294.40	+294.36	+295.13	+294.39	+286.08	+285.73
    295.31	+294.40	+294.36	+295.13	+294.39	+285.97	+285.70
    296.21	+294.40	+294.36	+295.13	+294.39	+285.93	+285.64
    297.12	+294.40	+294.36	+295.14	+294.39	+285.95	+285.66
    298.02	+294.40	+294.36	+295.14	+294.39	+286.05	+285.73
    298.92	+294.40	+294.36	+295.14	+294.39	+285.96	+285.74
    299.83	+294.40	+294.36	+295.14	+294.39	+285.95	+285.71
    300.73	+294.40	+294.36	+295.14	+294.39	+286.03	+285.74
    301.63	+294.40	+294.36	+295.13	+294.39	+286.12	+285.82
    302.54	+294.40	+294.36	+295.13	+294.39	+285.99	+285.66
    303.44	+294.40	+294.36	+295.13	+294.39	+285.85	+285.45
    304.34	+294.40	+294.36	+295.13	+294.39	+285.89	+285.35
    305.25	+294.40	+294.36	+295.13	+294.39	+285.96	+285.47
    306.15	+294.40	+294.35	+295.14	+294.39	+285.93	+285.47
    307.06	+294.40	+294.35	+295.14	+294.39	+285.91	+285.70
    307.96	+294.40	+294.35	+295.14	+294.39	+286.16	+285.74
    308.87	+294.40	+294.36	+295.14	+294.39	+286.01	+285.68
    309.77	+294.40	+294.36	+295.14	+294.39	+285.98	+285.80
    310.68	+294.40	+294.36	+295.14	+294.39	+286.04	+285.94
    311.58	+294.40	+294.36	+295.14	+294.39	+285.97	+285.67
    312.49	+294.40	+294.36	+295.14	+294.39	+285.96	+285.62
    313.39	+294.40	+294.36	+295.14	+294.39	+285.93	+285.63
    314.29	+294.40	+294.36	+295.14	+294.39	+285.93	+285.48
    315.20	+294.40	+294.36	+295.14	+294.39	+286.08	+285.63
    316.10	+294.40	+294.35	+295.14	+294.39	+285.94	+285.72
    317.01	+294.40	+294.35	+295.14	+294.39	+285.95	+285.71
    317.91	+294.40	+294.35	+295.14	+294.39	+285.96	+285.67
    318.82	+294.40	+294.35	+295.14	+294.39	+285.83	+285.77
    319.72	+294.40	+294.35	+295.14	+294.39	+285.96	+285.67
    320.63	+294.40	+294.36	+295.14	+294.39	+285.94	+285.74
    321.53	+294.40	+294.36	+295.14	+294.39	+286.00	+285.68
    322.44	+294.40	+294.36	+295.14	+294.39	+286.01	+285.63
    323.34	+294.40	+294.36	+295.14	+294.39	+285.95	+285.63
    324.25	+294.40	+294.36	+295.14	+294.39	+286.00	+285.72
    325.15	+294.40	+294.35	+295.14	+294.39	+286.05	+285.60
    326.06	+294.40	+294.35	+295.14	+294.39	+285.88	+285.62
    326.96	+294.40	+294.35	+295.14	+294.39	+285.93	+285.77
    327.87	+294.40	+294.35	+295.14	+294.39	+285.96	+285.56
    328.77	+294.40	+294.35	+295.14	+294.39	+286.03	+285.58
    329.67	+294.40	+294.36	+295.14	+294.39	+285.75	+285.55
    330.58	+294.40	+294.36	+295.14	+294.39	+285.88	+285.56
    331.48	+294.40	+294.36	+295.14	+294.39	+285.95	+285.57
    332.39	+294.40	+294.36	+295.14	+294.39	+285.89	+285.57
    333.29	+294.40	+294.36	+295.14	+294.39	+285.89	+285.58
    334.20	+294.40	+294.35	+295.14	+294.39	+285.86	+285.45
    335.10	+294.41	+294.35	+295.14	+294.39	+285.93	+285.50
    336.01	+294.40	+294.35	+295.14	+294.39	+285.88	+285.59
    336.91	+294.40	+294.35	+295.14	+294.39	+285.91	+285.65
    337.82	+294.41	+294.35	+295.14	+294.39	+285.88	+285.58
    338.72	+294.41	+294.36	+295.14	+294.39	+285.77	+285.65
    339.62	+294.39	+294.36	+295.14	+294.39	+285.80	+285.59
    340.53	+294.39	+294.36	+295.14	+294.39	+285.87	+285.66
    341.43	+294.39	+294.36	+295.14	+294.39	+285.95	+285.65
    342.34	+294.40	+294.36	+295.14	+294.39	+285.95	+285.64
    343.24	+294.39	+294.36	+295.14	+294.39	+285.93	+285.62
    344.15	+294.41	+294.36	+295.14	+294.39	+285.86	+285.61
    345.05	+294.40	+294.36	+295.14	+294.39	+285.93	+285.62
    345.96	+294.41	+294.36	+295.14	+294.39	+285.97	+285.64
    346.86	+294.41	+294.36	+295.14	+294.39	+285.85	+285.70
    347.77	+294.41	+294.36	+295.14	+294.39	+285.95	+285.65
    348.67	+294.40	+294.36	+295.14	+294.39	+285.77	+285.67
    349.57	+294.40	+294.36	+295.14	+294.39	+286.01	+285.74
    350.48	+294.40	+294.36	+295.14	+294.39	+286.10	+285.89
    351.38	+294.40	+294.36	+295.14	+294.39	+286.00	+285.70
    352.28	+294.40	+294.36	+295.14	+294.39	+286.03	+285.69
    353.19	+294.40	+294.36	+295.14	+294.39	+286.02	+285.69
    354.09	+294.40	+294.36	+295.14	+294.39	+286.04	+285.67
    355.00	+294.40	+294.36	+295.14	+294.39	+286.01	+285.54
    355.90	+294.41	+294.36	+295.14	+294.39	+286.02	+285.68
    356.81	+294.41	+294.36	+295.14	+294.39	+285.99	+285.68
    357.71	+294.39	+294.36	+295.14	+294.39	+286.10	+285.71
    358.61	+294.39	+294.36	+295.14	+294.39	+285.96	+285.95
    359.51	+294.39	+294.36	+295.14	+294.39	+286.02	+285.78
    360.42	+294.39	+294.36	+295.14	+294.39	+286.05	+285.74
    361.32	+294.40	+294.36	+295.14	+294.39	+285.97	+285.77
    362.23	+294.41	+294.36	+295.14	+294.39	+286.04	+285.74
    363.13	+294.41	+294.36	+295.14	+294.39	+286.08	+285.62
    364.04	+294.41	+294.36	+295.14	+294.39	+285.98	+285.57
    364.94	+294.41	+294.36	+295.14	+294.39	+286.00	+285.60
    365.84	+294.41	+294.36	+295.14	+294.39	+285.91	+285.65
    366.75	+294.40	+294.36	+295.14	+294.39	+285.90	+285.66
    367.65	+294.40	+294.36	+295.14	+294.39	+285.93	+285.94
    368.56	+294.40	+294.36	+295.14	+294.38	+285.99	+285.86
    369.46	+294.40	+294.36	+295.14	+294.39	+285.91	+285.76
    370.36	+294.40	+294.36	+295.14	+294.39	+285.88	+285.54
    371.27	+294.40	+294.36	+295.14	+294.39	+285.87	+285.79
    372.17	+294.40	+294.36	+295.14	+294.39	+285.92	+285.79
    373.08	+294.40	+294.36	+295.14	+294.39	+285.97	+285.45
    373.98	+294.40	+294.36	+295.14	+294.39	+285.94	+285.46
    374.88	+294.40	+294.36	+295.14	+294.39	+285.92	+285.59
    375.79	+294.40	+294.36	+295.14	+294.39	+286.01	+285.67
    376.69	+294.40	+294.36	+295.14	+294.39	+285.98	+285.66
    377.59	+294.40	+294.36	+295.14	+294.39	+286.00	+285.86
    378.49	+294.40	+294.36	+295.14	+294.39	+286.00	+285.75
    379.40	+294.40	+294.36	+295.14	+294.39	+286.04	+285.73
    380.30	+294.40	+294.36	+295.14	+294.39	+285.97	+285.84
    381.21	+294.40	+294.36	+295.14	+294.39	+285.99	+285.70
    382.11	+294.40	+294.36	+295.14	+294.39	+286.11	+285.65
    383.02	+294.40	+294.36	+295.14	+294.39	+286.09	+285.73
    383.92	+294.40	+294.36	+295.14	+294.39	+286.08	+285.71
    384.82	+294.40	+294.36	+295.14	+294.38	+286.03	+285.67
    385.73	+294.40	+294.36	+295.14	+294.39	+286.00	+285.68
    386.63	+294.40	+294.36	+295.14	+294.38	+285.89	+285.69
    387.53	+294.40	+294.36	+295.14	+294.38	+285.83	+285.62
    388.44	+294.40	+294.36	+295.14	+294.38	+286.03	+285.65
    389.34	+294.40	+294.36	+295.14	+294.39	+286.11	+285.77
    390.24	+294.40	+294.36	+295.14	+294.39	+285.89	+285.74
    391.15	+294.40	+294.36	+295.14	+294.39	+286.06	+285.85
    392.05	+294.40	+294.36	+295.14	+294.39	+286.21	+285.84
    392.96	+294.40	+294.36	+295.14	+294.39	+286.24	+285.92
    393.86	+294.40	+294.36	+295.14	+294.39	+286.03	+285.86
    394.76	+294.40	+294.36	+295.14	+294.39	+285.94	+285.85
    395.67	+294.40	+294.36	+295.14	+294.39	+286.14	+285.77
    396.57	+294.40	+294.36	+295.14	+294.39	+286.16	+285.81
    397.48	+294.40	+294.36	+295.14	+294.39	+286.10	+285.78
    398.38	+294.40	+294.36	+295.14	+294.39	+286.07	+285.79
    399.29	+294.40	+294.36	+295.13	+294.39	+286.06	+285.79
    400.19	+294.40	+294.36	+295.14	+294.39	+285.96	+285.76
    401.09	+294.40	+294.36	+295.13	+294.39	+286.17	+285.76
    402.00	+294.40	+294.36	+295.13	+294.39	+286.11	+285.81
    402.90	+294.40	+294.36	+295.13	+294.39	+286.10	+285.78
    403.80	+294.40	+294.36	+295.14	+294.39	+285.98	+285.75
    404.71	+294.40	+294.36	+295.14	+294.39	+285.94	+285.69
    405.61	+294.40	+294.36	+295.15	+294.39	+286.01	+285.73
    406.52	+294.40	+294.36	+295.14	+294.39	+285.94	+285.75
    407.42	+294.40	+294.36	+295.14	+294.39	+286.06	+285.86
    408.33	+294.40	+294.36	+295.13	+294.39	+285.89	+285.82
    409.23	+294.40	+294.36	+295.13	+294.39	+286.01	+285.77
    410.13	+294.40	+294.36	+295.13	+294.39	+285.86	+285.60
    411.04	+294.40	+294.36	+295.14	+294.39	+286.03	+285.65
    411.94	+294.40	+294.36	+295.14	+294.39	+285.95	+285.64
    412.84	+294.40	+294.36	+295.14	+294.39	+285.80	+285.58
    413.75	+294.40	+294.36	+295.14	+294.39	+286.03	+285.52
    414.65	+294.40	+294.36	+295.14	+294.39	+286.12	+285.69
    415.56	+294.40	+294.36	+295.14	+294.39	+285.98	+285.62
    416.46	+294.40	+294.36	+295.14	+294.39	+285.95	+285.83
    417.36	+294.40	+294.36	+295.14	+294.39	+286.00	+285.90
    418.27	+294.40	+294.36	+295.14	+294.39	+285.98	+285.87
    419.17	+294.40	+294.36	+295.14	+294.39	+286.04	+285.83
    420.07	+294.40	+294.36	+295.14	+294.39	+286.25	+285.76
    420.97	+294.40	+294.37	+295.14	+294.39	+286.12	+285.67
    421.88	+294.40	+294.37	+295.14	+294.39	+286.08	+285.52
    422.78	+294.40	+294.35	+295.14	+294.39	+286.03	+285.53
    423.68	+294.40	+294.35	+295.14	+294.39	+286.05	+285.66
    424.58	+294.40	+294.35	+295.14	+294.39	+285.98	+285.71
    425.48	+294.40	+294.35	+295.14	+294.39	+285.94	+285.66
    426.39	+294.40	+294.35	+295.14	+294.39	+285.90	+285.77
    427.29	+294.40	+294.36	+295.14	+294.39	+285.91	+285.70
    428.19	+294.40	+294.36	+295.14	+294.39	+286.10	+285.72
    429.10	+294.40	+294.36	+295.14	+294.39	+286.08	+285.71
    430.00	+294.40	+294.36	+295.14	+294.39	+286.12	+285.68
    430.90	+294.40	+294.36	+295.14	+294.39	+286.11	+285.79
    431.81	+294.40	+294.36	+295.14	+294.39	+286.10	+285.80
    432.71	+294.41	+294.36	+295.14	+294.39	+286.00	+285.67
    433.62	+294.41	+294.36	+295.14	+294.39	+285.89	+285.63
    434.52	+294.40	+294.36	+295.14	+294.39	+285.95	+285.70
    435.42	+294.41	+294.36	+295.14	+294.39	+285.96	+285.71
    436.33	+294.40	+294.36	+295.14	+294.39	+286.03	+285.87
    437.23	+294.40	+294.36	+295.14	+294.39	+286.08	+285.97
    438.13	+294.40	+294.36	+295.14	+294.39	+286.12	+285.97
    439.04	+294.40	+294.36	+295.14	+294.39	+286.05	+285.95
    439.94	+294.40	+294.36	+295.14	+294.39	+286.17	+285.82
    440.84	+294.41	+294.36	+295.14	+294.39	+286.09	+285.88
    441.75	+294.40	+294.36	+295.14	+294.39	+286.03	+285.55
    442.65	+294.40	+294.36	+295.14	+294.39	+286.00	+285.54
    443.55	+294.41	+294.36	+295.14	+294.39	+286.10	+285.74
    444.46	+294.41	+294.36	+295.14	+294.39	+285.95	+285.73
    445.36	+294.41	+294.36	+295.14	+294.39	+285.89	+285.70
    446.27	+294.40	+294.36	+295.14	+294.39	+286.12	+285.89
    447.17	+294.40	+294.36	+295.14	+294.39	+286.00	+285.94
    448.07	+294.40	+294.36	+295.14	+294.39	+285.93	+285.81
    448.98	+294.40	+294.36	+295.14	+294.39	+285.98	+285.84
    449.88	+294.40	+294.36	+295.14	+294.39	+285.97	+285.67
    450.78	+294.40	+294.36	+295.14	+294.39	+286.14	+285.75
    451.69	+294.40	+294.36	+295.14	+294.39	+286.14	+285.68
    452.59	+294.41	+294.36	+295.14	+294.39	+286.07	+285.59
    453.49	+294.41	+294.36	+295.14	+294.39	+285.99	+285.84
    454.40	+294.41	+294.36	+295.14	+294.39	+286.02	+285.77
    455.30	+294.40	+294.36	+295.14	+294.39	+286.10	+285.97
    456.20	+294.40	+294.36	+295.14	+294.39	+286.01	+285.84
    457.11	+294.40	+294.36	+295.14	+294.39	+286.18	+285.91
    458.01	+294.40	+294.36	+295.14	+294.39	+286.09	+285.71
    458.91	+294.40	+294.36	+295.14	+294.39	+286.02	+285.79
    459.82	+294.41	+294.36	+295.14	+294.39	+286.08	+285.79
    460.72	+294.41	+294.36	+295.14	+294.39	+286.10	+285.69
    461.63	+294.40	+294.36	+295.14	+294.39	+286.11	+285.57
    462.53	+294.40	+294.36	+295.14	+294.39	+286.03	+285.74
    463.43	+294.40	+294.36	+295.14	+294.38	+286.15	+285.80
    464.34	+294.40	+294.36	+295.14	+294.39	+286.06	+285.71
    465.24	+294.40	+294.36	+295.14	+294.39	+285.98	+286.07
    466.15	+294.40	+294.36	+295.14	+294.39	+286.09	+285.96
    467.05	+294.40	+294.36	+295.14	+294.39	+286.12	+285.71
    467.95	+294.40	+294.36	+295.14	+294.39	+286.05	+285.81
    468.86	+294.40	+294.36	+295.14	+294.39	+286.05	+285.88
    469.76	+294.40	+294.36	+295.14	+294.39	+286.12	+285.78
    470.66	+294.40	+294.36	+295.14	+294.39	+286.14	+285.76
    471.56	+294.40	+294.36	+295.14	+294.39	+286.08	+285.70
    472.47	+294.40	+294.36	+295.14	+294.39	+286.13	+285.82
    473.37	+294.40	+294.36	+295.14	+294.39	+286.20	+285.96
    474.28	+294.40	+294.36	+295.14	+294.39	+286.17	+286.02
    475.18	+294.40	+294.36	+295.14	+294.39	+286.11	+285.91
    476.08	+294.40	+294.36	+295.14	+294.39	+286.20	+285.91
    476.99	+294.40	+294.36	+295.14	+294.39	+286.18	+285.88
    477.89	+294.40	+294.36	+295.14	+294.39	+286.19	+285.92
    478.79	+294.40	+294.36	+295.14	+294.39	+286.24	+285.84
    479.70	+294.40	+294.36	+295.14	+294.39	+286.23	+285.76
    480.60	+294.40	+294.36	+295.14	+294.39	+286.19	+285.84
    481.51	+294.40	+294.36	+295.14	+294.39	+286.28	+285.87
    482.41	+294.40	+294.36	+295.14	+294.39	+286.23	+285.93
    483.31	+294.40	+294.36	+295.15	+294.39	+286.16	+285.99
    484.22	+294.40	+294.36	+295.14	+294.39	+286.00	+285.87
    485.12	+294.40	+294.36	+295.14	+294.39	+286.09	+285.89
    486.02	+294.40	+294.36	+295.14	+294.39	+286.11	+285.84
    486.93	+294.40	+294.36	+295.14	+294.39	+286.08	+286.02
    487.83	+294.40	+294.36	+295.14	+294.39	+286.08	+285.90
    488.74	+294.40	+294.36	+295.14	+294.39	+286.28	+285.82
    489.64	+294.40	+294.36	+295.14	+294.39	+286.23	+285.78
    490.55	+294.40	+294.36	+295.14	+294.39	+286.12	+285.60
    491.45	+294.40	+294.36	+295.15	+294.39	+286.08	+285.69
    492.36	+294.40	+294.36	+295.14	+294.39	+286.31	+286.07
    493.26	+294.40	+294.36	+295.15	+294.39	+286.12	+285.94
    494.17	+294.40	+294.36	+295.15	+294.39	+286.27	+285.97
    495.07	+294.40	+294.36	+295.15	+294.39	+286.34	+286.10
    495.97	+294.40	+294.36	+295.13	+294.39	+286.25	+286.14
    496.88	+294.40	+294.36	+295.14	+294.39	+286.17	+286.07
    497.78	+294.40	+294.36	+295.13	+294.39	+286.35	+285.98
    498.69	+294.40	+294.36	+295.13	+294.39	+286.22	+285.94
    499.59	+294.40	+294.36	+295.13	+294.39	+286.33	+285.92
    500.49	+294.40	+294.36	+295.13	+294.39	+286.21	+285.78
    501.40	+294.40	+294.36	+295.15	+294.39	+286.29	+285.87
    502.30	+294.40	+294.36	+295.15	+294.39	+286.26	+286.04
    503.20	+294.40	+294.36	+295.15	+294.39	+286.27	+285.93
    504.11	+294.40	+294.36	+295.15	+294.39	+286.34	+286.07
    505.01	+294.40	+294.36	+295.14	+294.39	+286.12	+286.00
    505.91	+294.40	+294.36	+295.14	+294.39	+286.24	+286.07
    506.82	+294.40	+294.36	+295.14	+294.39	+286.24	+285.94
    507.72	+294.40	+294.37	+295.14	+294.39	+286.12	+285.95
    508.63	+294.40	+294.36	+295.14	+294.39	+286.30	+285.90
    509.53	+294.40	+294.36	+295.14	+294.39	+286.29	+285.83
    510.44	+294.40	+294.36	+295.14	+294.39	+286.33	+285.87
    511.34	+294.40	+294.35	+295.14	+294.39	+286.37	+286.02
    512.24	+294.40	+294.35	+295.14	+294.39	+286.40	+286.14
    513.14	+294.40	+294.36	+295.14	+294.39	+286.22	+286.02
    514.05	+294.40	+294.35	+295.14	+294.39	+286.33	+286.13
    514.95	+294.40	+294.37	+295.14	+294.39	+286.29	+286.25
    515.86	+294.40	+294.37	+295.14	+294.39	+286.18	+285.95
    516.76	+294.40	+294.37	+295.14	+294.39	+286.33	+285.96
    517.66	+294.40	+294.36	+295.14	+294.39	+286.15	+286.05
    518.57	+294.40	+294.36	+295.14	+294.39	+286.31	+285.88
    519.47	+294.40	+294.36	+295.14	+294.39	+286.33	+285.87
    520.37	+294.40	+294.36	+295.14	+294.39	+286.27	+286.11
    521.28	+294.40	+294.35	+295.14	+294.39	+286.47	+286.09
    522.18	+294.40	+294.36	+295.14	+294.39	+286.33	+286.10
    523.08	+294.40	+294.35	+295.14	+294.39	+286.36	+286.09
    523.99	+294.40	+294.35	+295.14	+294.39	+286.21	+286.12
    524.89	+294.40	+294.37	+295.14	+294.39	+286.29	+286.13
    525.80	+294.40	+294.37	+295.14	+294.39	+286.27	+286.12
    526.70	+294.40	+294.37	+295.14	+294.39	+286.38	+286.12
    527.60	+294.40	+294.37	+295.14	+294.39	+286.28	+286.14
    528.51	+294.40	+294.37	+295.14	+294.39	+286.38	+286.11
    529.41	+294.40	+294.35	+295.14	+294.39	+286.38	+286.12
    530.32	+294.40	+294.35	+295.14	+294.39	+286.32	+286.03
    531.22	+294.40	+294.35	+295.14	+294.39	+286.37	+286.21
    532.13	+294.40	+294.36	+295.14	+294.39	+286.25	+286.08
    533.03	+294.40	+294.36	+295.14	+294.39	+286.37	+286.22
    533.94	+294.40	+294.37	+295.14	+294.39	+286.10	+286.03
    534.84	+294.40	+294.37	+295.14	+294.39	+286.37	+286.14
    535.75	+294.40	+294.37	+295.14	+294.39	+286.37	+286.12
    536.65	+294.40	+294.36	+295.14	+294.39	+286.50	+286.10
    537.55	+294.40	+294.36	+295.14	+294.39	+286.52	+286.16
    538.46	+294.41	+294.36	+295.14	+294.39	+286.44	+286.11
    539.36	+294.40	+294.36	+295.14	+294.39	+286.31	+286.10
    540.27	+294.41	+294.36	+295.14	+294.39	+286.49	+285.99
    541.17	+294.41	+294.36	+295.14	+294.39	+286.41	+286.01
    542.08	+294.41	+294.36	+295.14	+294.39	+286.46	+286.01
    542.99	+294.41	+294.36	+295.14	+294.39	+286.38	+286.05
    543.90	+294.40	+294.36	+295.14	+294.39	+286.33	+286.19
    544.80	+294.40	+294.36	+295.14	+294.39	+286.37	+286.08
    545.70	+294.39	+294.36	+295.14	+294.39	+286.26	+286.19
    546.61	+294.40	+294.36	+295.14	+294.39	+286.36	+286.14
    547.51	+294.40	+294.36	+295.14	+294.39	+286.39	+286.05
    548.42	+294.41	+294.36	+295.14	+294.39	+286.27	+285.86
    549.32	+294.41	+294.36	+295.14	+294.39	+286.26	+285.87
    550.22	+294.41	+294.36	+295.14	+294.39	+286.28	+285.83
    551.13	+294.41	+294.36	+295.14	+294.39	+286.19	+285.99
    552.03	+294.41	+294.36	+295.14	+294.39	+286.21	+286.16
    552.94	+294.40	+294.36	+295.14	+294.39	+286.38	+286.09
    553.84	+294.40	+294.36	+295.14	+294.39	+286.32	+286.05
    554.75	+294.40	+294.36	+295.14	+294.39	+286.31	+286.17
    555.65	+294.40	+294.36	+295.14	+294.39	+286.27	+286.07
    556.56	+294.40	+294.36	+295.14	+294.39	+286.31	+286.19
    557.46	+294.40	+294.36	+295.14	+294.39	+286.26	+286.03
    558.37	+294.40	+294.36	+295.14	+294.39	+286.31	+285.82
    559.27	+294.40	+294.36	+295.14	+294.39	+286.39	+285.94
    560.18	+294.41	+294.36	+295.14	+294.39	+286.42	+286.07
    561.08	+294.40	+294.36	+295.14	+294.39	+286.33	+286.05
    561.99	+294.40	+294.36	+295.14	+294.39	+286.27	+285.92
    562.89	+294.40	+294.36	+295.14	+294.39	+286.25	+286.12
    563.80	+294.40	+294.36	+295.14	+294.39	+286.41	+286.16
    564.70	+294.40	+294.36	+295.14	+294.39	+286.28	+286.01
    565.60	+294.40	+294.36	+295.14	+294.39	+286.24	+286.02
    566.51	+294.40	+294.36	+295.14	+294.39	+286.36	+286.09
    567.41	+294.40	+294.36	+295.14	+294.39	+286.41	+285.95
    568.32	+294.40	+294.36	+295.14	+294.39	+286.21	+285.94
    569.22	+294.40	+294.36	+295.14	+294.39	+286.39	+285.90
    570.12	+294.40	+294.36	+295.14	+294.39	+286.35	+285.99
    571.03	+294.40	+294.36	+295.14	+294.39	+286.30	+285.99
    571.93	+294.40	+294.36	+295.14	+294.39	+286.32	+286.05
    572.83	+294.40	+294.36	+295.14	+294.39	+286.25	+286.19
    573.74	+294.40	+294.36	+295.14	+294.39	+286.31	+286.19
    574.64	+294.40	+294.36	+295.14	+294.39	+286.16	+285.86
    575.55	+294.40	+294.36	+295.14	+294.39	+286.35	+286.17
    576.45	+294.40	+294.36	+295.14	+294.39	+286.47	+286.20
    577.35	+294.40	+294.36	+295.14	+294.39	+286.46	+286.00
    578.25	+294.40	+294.36	+295.14	+294.39	+286.27	+286.08
    579.16	+294.40	+294.36	+295.14	+294.39	+286.32	+286.07
    580.06	+294.40	+294.36	+295.14	+294.39	+286.33	+286.03
    580.97	+294.40	+294.36	+295.14	+294.39	+286.39	+286.06
    581.87	+294.40	+294.36	+295.14	+294.39	+286.31	+285.95
    582.77	+294.40	+294.36	+295.14	+294.39	+286.42	+286.19
    583.68	+294.40	+294.36	+295.14	+294.39	+286.40	+286.11
    584.58	+294.40	+294.36	+295.14	+294.39	+286.38	+286.00
    585.48	+294.40	+294.36	+295.14	+294.39	+286.41	+286.17
    586.39	+294.40	+294.36	+295.14	+294.39	+286.38	+286.05
    587.29	+294.40	+294.36	+295.14	+294.39	+286.41	+286.09
    588.20	+294.40	+294.36	+295.14	+294.39	+286.52	+286.00
    589.10	+294.40	+294.36	+295.15	+294.39	+286.43	+286.09
    590.00	+294.40	+294.36	+295.15	+294.39	+286.33	+285.94
    590.91	+294.40	+294.36	+295.15	+294.39	+286.40	+286.14
    591.81	+294.40	+294.36	+295.15	+294.39	+286.44	+286.07
    592.72	+294.40	+294.36	+295.15	+294.39	+286.44	+286.12
    593.62	+294.40	+294.36	+295.15	+294.39	+286.32	+286.10
    594.52	+294.40	+294.36	+295.14	+294.39	+286.24	+286.14
    595.43	+294.40	+294.36	+295.14	+294.39	+286.38	+286.14
    596.33	+294.40	+294.36	+295.14	+294.39	+286.43	+286.03
    597.24	+294.40	+294.36	+295.14	+294.39	+286.27	+285.82
    598.15	+294.40	+294.36	+295.14	+294.39	+286.31	+286.02
    599.05	+294.40	+294.36	+295.15	+294.39	+286.44	+286.05
    599.96	+294.40	+294.36	+295.15	+294.39	+286.44	+286.11
    600.86	+294.40	+294.36	+295.15	+294.39	+286.29	+286.03
    601.76	+294.40	+294.36	+295.14	+294.39	+286.41	+286.17
    602.67	+294.40	+294.36	+295.14	+294.39	+286.31	+286.16
    603.57	+294.40	+294.36	+295.14	+294.39	+286.29	+286.27
    604.48	+294.40	+294.36	+295.14	+294.39	+286.31	+286.06
    605.38	+294.40	+294.36	+295.14	+294.39	+286.21	+286.07
    606.29	+294.40	+294.36	+295.14	+294.39	+286.42	+286.17
    607.19	+294.40	+294.36	+295.14	+294.39	+286.40	+285.92
    608.10	+294.40	+294.36	+295.14	+294.39	+286.31	+285.95
    609.00	+294.40	+294.36	+295.14	+294.39	+286.38	+286.11
    609.90	+294.40	+294.36	+295.14	+294.39	+286.49	+285.91
    610.81	+294.40	+294.36	+295.14	+294.39	+286.25	+286.00
    611.71	+294.40	+294.36	+295.14	+294.39	+286.38	+286.19
    612.62	+294.40	+294.36	+295.14	+294.39	+286.32	+286.17
    613.52	+294.40	+294.36	+295.14	+294.39	+286.22	+286.06
    614.43	+294.40	+294.37	+295.14	+294.39	+286.37	+286.00
    615.33	+294.40	+294.36	+295.14	+294.39	+286.24	+286.00
    616.23	+294.40	+294.37	+295.14	+294.39	+286.37	+286.04
    617.14	+294.40	+294.37	+295.14	+294.39	+286.45	+285.99
    618.04	+294.40	+294.36	+295.14	+294.39	+286.55	+285.96
    618.95	+294.40	+294.36	+295.14	+294.39	+286.42	+286.04
    619.85	+294.40	+294.36	+295.14	+294.39	+286.28	+285.99
    620.75	+294.40	+294.35	+295.14	+294.39	+286.32	+286.09
    621.66	+294.40	+294.35	+295.14	+294.39	+286.24	+286.01
    622.56	+294.40	+294.37	+295.14	+294.39	+286.37	+286.07
    623.47	+294.40	+294.37	+295.14	+294.39	+286.26	+285.96
    624.37	+294.40	+294.37	+295.14	+294.39	+286.36	+285.99
    625.28	+294.40	+294.37	+295.14	+294.39	+286.36	+285.97
    626.18	+294.40	+294.37	+295.14	+294.39	+286.42	+286.00
    627.09	+294.41	+294.36	+295.14	+294.39	+286.45	+286.11
    627.99	+294.41	+294.36	+295.14	+294.39	+286.48	+286.02
    628.90	+294.41	+294.35	+295.14	+294.39	+286.36	+286.07
    629.80	+294.41	+294.36	+295.14	+294.39	+286.41	+286.07
    630.70	+294.41	+294.36	+295.14	+294.39	+286.35	+286.01
    631.61	+294.40	+294.36	+295.14	+294.39	+286.15	+285.97
    632.51	+294.40	+294.36	+295.14	+294.39	+286.34	+286.06
    633.42	+294.40	+294.36	+295.14	+294.39	+286.39	+286.12
    634.33	+294.40	+294.36	+295.14	+294.39	+286.27	+286.07
    635.23	+294.40	+294.36	+295.14	+294.39	+286.42	+286.12
    636.14	+294.40	+294.36	+295.14	+294.39	+286.45	+285.99
    637.04	+294.41	+294.36	+295.14	+294.39	+286.41	+286.02
    637.95	+294.41	+294.36	+295.14	+294.39	+286.42	+286.11
    638.85	+294.41	+294.36	+295.14	+294.39	+286.39	+286.02
    639.76	+294.41	+294.36	+295.14	+294.39	+286.29	+286.12
    640.66	+294.41	+294.36	+295.14	+294.39	+286.41	+286.03
    641.57	+294.40	+294.36	+295.14	+294.39	+286.27	+286.07
    642.47	+294.40	+294.36	+295.14	+294.39	+286.45	+286.20
    643.38	+294.40	+294.36	+295.14	+294.39	+286.38	+286.11
    644.28	+294.40	+294.36	+295.14	+294.39	+286.40	+286.11
    645.19	+294.40	+294.36	+295.14	+294.39	+286.36	+285.97
    646.09	+294.41	+294.36	+295.14	+294.39	+286.36	+286.09
    646.99	+294.41	+294.36	+295.14	+294.39	+286.33	+285.84
    647.90	+294.41	+294.36	+295.14	+294.39	+286.33	+285.90
    648.80	+294.41	+294.36	+295.14	+294.39	+286.26	+285.94
    649.71	+294.41	+294.36	+295.14	+294.39	+286.31	+285.89
    650.61	+294.40	+294.36	+295.14	+294.39	+286.27	+285.92
    651.52	+294.40	+294.36	+295.14	+294.39	+286.33	+286.25
    652.42	+294.40	+294.36	+295.14	+294.39	+286.36	+286.17
    653.33	+294.40	+294.36	+295.14	+294.39	+286.37	+285.95
    654.23	+294.40	+294.36	+295.14	+294.39	+286.29	+285.93
    655.14	+294.41	+294.36	+295.14	+294.39	+286.25	+285.94
    656.04	+294.41	+294.36	+295.14	+294.39	+286.28	+285.97
    656.95	+294.41	+294.36	+295.14	+294.39	+286.33	+285.88
    657.85	+294.41	+294.36	+295.14	+294.39	+286.31	+285.86
    658.76	+294.41	+294.36	+295.14	+294.39	+286.20	+285.95
    659.66	+294.40	+294.36	+295.14	+294.39	+286.25	+286.00
    660.57	+294.40	+294.36	+295.14	+294.39	+286.27	+286.05
    661.47	+294.40	+294.36	+295.14	+294.39	+286.33	+286.16
    662.38	+294.40	+294.36	+295.14	+294.39	+286.34	+286.09
    663.28	+294.40	+294.36	+295.14	+294.39	+286.41	+286.11
    664.18	+294.40	+294.36	+295.14	+294.39	+286.27	+286.07
    665.09	+294.41	+294.36	+295.14	+294.39	+286.19	+285.86
    665.99	+294.40	+294.36	+295.14	+294.39	+286.28	+285.87
    666.90	+294.41	+294.36	+295.14	+294.39	+286.27	+285.96
    667.80	+294.41	+294.36	+295.14	+294.39	+286.34	+286.09
    668.71	+294.41	+294.36	+295.14	+294.39	+286.26	+286.02
    669.61	+294.40	+294.36	+295.14	+294.39	+286.27	+285.98
    670.52	+294.40	+294.36	+295.14	+294.39	+286.19	+286.00
    671.42	+294.40	+294.36	+295.14	+294.39	+286.25	+285.99
    672.33	+294.40	+294.36	+295.14	+294.39	+286.30	+286.03
    673.23	+294.40	+294.36	+295.14	+294.39	+286.28	+286.01
    674.14	+294.40	+294.36	+295.14	+294.39	+286.25	+286.05
    675.04	+294.41	+294.36	+295.14	+294.39	+286.36	+286.04
    675.95	+294.41	+294.36	+295.14	+294.39	+286.45	+285.91
    676.85	+294.40	+294.36	+295.14	+294.39	+286.29	+286.02
    677.76	+294.40	+294.36	+295.14	+294.39	+286.16	+285.91
    678.66	+294.40	+294.36	+295.14	+294.39	+286.22	+285.84
    679.57	+294.40	+294.36	+295.14	+294.39	+286.11	+286.02
    680.47	+294.40	+294.36	+295.14	+294.39	+286.16	+286.09
    681.38	+294.40	+294.36	+295.14	+294.39	+286.15	+285.99
    682.28	+294.40	+294.36	+295.14	+294.39	+286.25	+286.03
    683.19	+294.40	+294.36	+295.14	+294.39	+286.21	+286.02
    684.09	+294.40	+294.36	+295.14	+294.39	+286.27	+285.97
    684.99	+294.40	+294.36	+295.14	+294.39	+286.29	+285.86
    685.90	+294.40	+294.36	+295.14	+294.39	+286.33	+285.99
    686.80	+294.40	+294.36	+295.14	+294.39	+286.34	+285.99
    687.71	+294.40	+294.36	+295.14	+294.39	+286.30	+286.05
    688.61	+294.40	+294.36	+295.14	+294.39	+286.29	+286.03
    689.52	+294.40	+294.36	+295.15	+294.39	+286.26	+286.08
    690.42	+294.40	+294.36	+295.14	+294.39	+286.33	+286.05
    691.33	+294.40	+294.36	+295.15	+294.39	+286.37	+286.09
    692.23	+294.40	+294.36	+295.14	+294.39	+286.36	+286.28
    693.14	+294.40	+294.36	+295.14	+294.39	+286.34	+285.99
    694.04	+294.40	+294.36	+295.14	+294.39	+286.39	+285.95
    694.95	+294.40	+294.36	+295.14	+294.39	+286.38	+286.04
    695.85	+294.40	+294.36	+295.14	+294.39	+286.41	+286.07
    696.76	+294.40	+294.36	+295.14	+294.39	+286.32	+286.02
    697.66	+294.40	+294.36	+295.15	+294.39	+286.38	+286.15
    698.57	+294.40	+294.36	+295.15	+294.39	+286.53	+286.15
    699.47	+294.40	+294.36	+295.15	+294.39	+286.31	+286.15
    700.38	+294.40	+294.36	+295.15	+294.39	+286.30	+286.13
    701.28	+294.40	+294.36	+295.15	+294.39	+286.29	+286.10
    702.19	+294.40	+294.36	+295.14	+294.39	+286.40	+286.11
    703.09	+294.40	+294.36	+295.14	+294.39	+286.31	+286.11
    704.00	+294.40	+294.36	+295.14	+294.39	+286.42	+286.07
    704.90	+294.40	+294.37	+295.14	+294.39	+286.41	+286.04
    705.81	+294.40	+294.36	+295.14	+294.39	+286.41	+285.93
    706.71	+294.40	+294.36	+295.15	+294.39	+286.30	+285.99
    707.62	+294.40	+294.36	+295.15	+294.39	+286.36	+286.06
    708.52	+294.40	+294.36	+295.15	+294.39	+286.27	+286.06
    709.43	+294.40	+294.36	+295.15	+294.39	+286.35	+285.98
    710.33	+294.40	+294.36	+295.15	+294.39	+286.38	+286.25
    711.24	+294.41	+294.36	+295.14	+294.39	+286.31	+286.28
    712.14	+294.40	+294.36	+295.14	+294.39	+286.27	+286.07
    713.04	+294.41	+294.36	+295.14	+294.39	+286.37	+286.07
    713.95	+294.40	+294.36	+295.14	+294.39	+286.33	+286.00
    714.86	+294.40	+294.36	+295.14	+294.39	+286.35	+285.87
    715.76	+294.40	+294.36	+295.15	+294.39	+286.28	+285.96
    716.67	+294.40	+294.36	+295.14	+294.39	+286.33	+286.06
    717.57	+294.40	+294.36	+295.15	+294.39	+286.41	+286.08
    718.47	+294.40	+294.36	+295.14	+294.39	+286.44	+285.92
    719.38	+294.40	+294.36	+295.14	+294.39	+286.28	+286.17
    720.28	+294.40	+294.36	+295.14	+294.39	+286.38	+286.24
    721.19	+294.40	+294.36	+295.14	+294.39	+286.43	+286.22
    722.09	+294.40	+294.37	+295.14	+294.39	+286.34	+286.05
    723.00	+294.40	+294.37	+295.14	+294.39	+286.42	+285.99
    723.91	+294.40	+294.37	+295.14	+294.39	+286.28	+286.01
    724.81	+294.40	+294.37	+295.14	+294.39	+286.27	+285.86
    725.72	+294.40	+294.36	+295.15	+294.39	+286.32	+285.92
    726.62	+294.41	+294.36	+295.15	+294.39	+286.28	+286.03
    727.53	+294.41	+294.36	+295.15	+294.39	+286.38	+286.09
    728.43	+294.41	+294.36	+295.15	+294.39	+286.37	+286.13
    729.34	+294.40	+294.36	+295.14	+294.39	+286.35	+286.14
    730.24	+294.40	+294.37	+295.14	+294.39	+286.36	+285.97
    731.14	+294.41	+294.37	+295.14	+294.39	+286.42	+286.13
    732.05	+294.40	+294.37	+295.14	+294.39	+286.47	+286.05
    732.96	+294.40	+294.37	+295.14	+294.39	+286.44	+286.10
    733.86	+294.40	+294.37	+295.14	+294.39	+286.41	+285.89
    734.76	+294.40	+294.36	+295.14	+294.39	+286.39	+286.12
    735.67	+294.40	+294.36	+295.14	+294.39	+286.34	+285.99
    736.57	+294.40	+294.36	+295.15	+294.39	+286.29	+286.27
    737.48	+294.40	+294.36	+295.14	+294.39	+286.43	+286.14
    738.38	+294.41	+294.36	+295.14	+294.39	+286.30	+286.18
    739.29	+294.40	+294.36	+295.14	+294.39	+286.29	+286.09
    740.19	+294.40	+294.37	+295.14	+294.39	+286.34	+286.08
    741.10	+294.41	+294.37	+295.14	+294.39	+286.29	+286.05
    742.01	+294.40	+294.36	+295.14	+294.39	+286.28	+285.95
    742.91	+294.40	+294.36	+295.14	+294.39	+286.42	+286.00
    743.81	+294.40	+294.37	+295.14	+294.39	+286.39	+285.84
    744.72	+294.41	+294.36	+295.14	+294.39	+286.38	+285.99
    745.62	+294.41	+294.36	+295.14	+294.39	+286.40	+286.09
    746.53	+294.41	+294.36	+295.14	+294.39	+286.48	+286.03
    747.43	+294.41	+294.36	+295.14	+294.39	+286.40	+286.08
    748.34	+294.41	+294.36	+295.14	+294.39	+286.38	+286.03
    749.24	+294.40	+294.36	+295.14	+294.39	+286.30	+286.10
    750.15	+294.40	+294.36	+295.14	+294.39	+286.49	+286.25
    751.05	+294.40	+294.36	+295.14	+294.39	+286.34	+285.99
    751.96	+294.40	+294.36	+295.14	+294.39	+286.59	+286.05
    752.86	+294.40	+294.36	+295.14	+294.39	+286.47	+286.13
    753.77	+294.41	+294.36	+295.14	+294.39	+286.35	+286.05
    754.67	+294.41	+294.36	+295.14	+294.39	+286.44	+286.11
    755.58	+294.41	+294.36	+295.14	+294.39	+286.44	+286.16
    756.48	+294.41	+294.36	+295.14	+294.39	+286.43	+286.05
    757.39	+294.41	+294.36	+295.14	+294.39	+286.40	+286.05
    758.29	+294.41	+294.36	+295.14	+294.39	+286.26	+286.05
    759.20	+294.40	+294.37	+295.14	+294.39	+286.31	+286.22
    760.10	+294.40	+294.37	+295.14	+294.39	+286.40	+286.17
    761.01	+294.40	+294.37	+295.14	+294.39	+285.97	+286.02
    761.91	+294.40	+294.36	+295.14	+294.39	+285.93	+285.97
    762.82	+294.40	+294.36	+295.14	+294.39	+286.23	+285.98
    763.72	+294.41	+294.36	+295.14	+294.39	+286.24	+285.90
    764.62	+294.41	+294.36	+295.14	+294.39	+285.82	+285.92
    765.53	+294.41	+294.36	+295.14	+294.39	+285.97	+285.91
    766.43	+294.41	+294.36	+295.14	+294.39	+286.42	+286.19
    767.34	+294.41	+294.36	+295.14	+294.39	+286.25	+285.94
    768.24	+294.40	+294.36	+295.14	+294.39	+286.40	+286.00
    769.15	+294.40	+294.36	+295.14	+294.39	+286.21	+286.12
    770.05	+294.40	+294.36	+295.14	+294.39	+286.27	+286.10
    770.96	+294.40	+294.36	+295.14	+294.39	+286.27	+285.97
    771.86	+294.40	+294.36	+295.14	+294.39	+286.47	+286.01
    772.77	+294.41	+294.36	+295.14	+294.39	+286.49	+286.14
    773.67	+294.41	+294.36	+295.14	+294.39	+286.37	+285.43
    774.58	+294.41	+294.36	+295.14	+294.39	+286.42	+285.88
    775.48	+294.41	+294.36	+295.14	+294.39	+286.41	+286.06
    776.39	+294.41	+294.36	+295.14	+294.39	+286.29	+286.08
    777.29	+294.40	+294.36	+295.14	+294.39	+286.28	+286.08
    778.20	+294.40	+294.36	+295.14	+294.39	+286.38	+286.32
    779.10	+294.40	+294.36	+295.14	+294.39	+286.41	+286.17
    780.01	+294.40	+294.36	+295.14	+294.39	+286.25	+286.15
    780.91	+294.40	+294.36	+295.14	+294.39	+286.29	+285.99
    781.82	+294.40	+294.36	+295.14	+294.39	+286.31	+286.19
    782.72	+294.41	+294.36	+295.14	+294.39	+286.29	+285.89
    783.62	+294.41	+294.36	+295.14	+294.40	+286.27	+285.91
    784.53	+294.41	+294.36	+295.14	+294.39	+286.42	+285.92
    785.44	+294.41	+294.36	+295.14	+294.40	+286.22	+286.04
    786.34	+294.41	+294.36	+295.14	+294.39	+286.27	+286.07
    787.25	+294.41	+294.36	+295.14	+294.39	+286.32	+286.09
    788.15	+294.41	+294.36	+295.14	+294.39	+286.49	+286.15
    789.06	+294.40	+294.36	+295.14	+294.39	+286.22	+285.95
    789.96	+294.40	+294.36	+295.15	+294.39	+286.25	+285.85
    790.87	+294.40	+294.36	+295.14	+294.40	+286.24	+285.97
    791.77	+294.41	+294.36	+295.14	+294.40	+286.23	+285.99
    792.68	+294.41	+294.36	+295.15	+294.40	+286.25	+285.87
    793.58	+294.41	+294.36	+295.14	+294.40	+286.36	+285.79
    794.49	+294.41	+294.36	+295.14	+294.40	+286.40	+286.11
    795.39	+294.41	+294.36	+295.15	+294.39	+286.33	+285.96
    796.30	+294.40	+294.36	+295.14	+294.39	+286.21	+285.98
    797.20	+294.41	+294.36	+295.14	+294.39	+286.25	+286.00
    798.11	+294.41	+294.36	+295.15	+294.39	+286.42	+286.04
    799.01	+294.41	+294.36	+295.14	+294.39	+286.29	+285.90
    799.91	+294.41	+294.36	+295.14	+294.39	+286.28	+286.00
    800.82	+294.41	+294.36	+295.14	+294.40	+286.52	+286.24
    801.72	+294.41	+294.36	+295.14	+294.39	+286.60	+286.06
    802.63	+294.41	+294.36	+295.14	+294.39	+286.41	+285.97
    803.53	+294.41	+294.36	+295.14	+294.39	+286.48	+285.98
    804.44	+294.41	+294.36	+295.15	+294.39	+286.41	+286.12
    805.35	+294.40	+294.36	+295.14	+294.39	+286.45	+286.07
    806.25	+294.40	+294.36	+295.15	+294.39	+286.39	+285.99
    807.16	+294.41	+294.36	+295.14	+294.39	+286.32	+286.05
    808.06	+294.41	+294.36	+295.14	+294.39	+286.22	+285.98
    808.96	+294.41	+294.36	+295.14	+294.39	+286.36	+286.05
    809.87	+294.41	+294.36	+295.14	+294.39	+286.39	+286.14
    810.77	+294.41	+294.36	+295.14	+294.39	+286.41	+286.01
    811.68	+294.41	+294.36	+295.14	+294.39	+286.47	+285.95
    812.58	+294.41	+294.36	+295.14	+294.39	+286.36	+286.05
    813.49	+294.41	+294.36	+295.14	+294.40	+286.42	+285.94
    814.40	+294.41	+294.36	+295.14	+294.39	+286.31	+286.05
    815.30	+294.41	+294.36	+295.15	+294.39	+286.28	+286.06
    816.21	+294.41	+294.36	+295.15	+294.39	+286.22	+286.07
    817.11	+294.41	+294.36	+295.15	+294.39	+286.44	+286.04
    818.02	+294.41	+294.36	+295.15	+294.39	+286.30	+285.97
    818.92	+294.41	+294.36	+295.15	+294.40	+286.24	+286.13
    819.83	+294.41	+294.36	+295.14	+294.40	+286.33	+286.09
    820.73	+294.41	+294.36	+295.14	+294.39	+286.41	+286.07
    821.63	+294.41	+294.37	+295.14	+294.39	+286.39	+286.11
    822.54	+294.41	+294.36	+295.14	+294.40	+286.49	+285.93
    823.44	+294.41	+294.37	+295.14	+294.40	+286.29	+285.86
    824.35	+294.41	+294.37	+295.15	+294.39	+286.24	+285.89
    825.25	+294.41	+294.36	+295.15	+294.39	+286.22	+286.04
    826.16	+294.41	+294.36	+295.15	+294.39	+286.30	+286.08
    827.06	+294.41	+294.36	+295.15	+294.39	+286.16	+285.95
    827.97	+294.41	+294.36	+295.15	+294.39	+286.37	+286.20
    828.87	+294.41	+294.36	+295.14	+294.39	+286.37	+286.09
    829.78	+294.41	+294.37	+295.14	+294.40	+286.50	+286.17
    830.68	+294.41	+294.37	+295.14	+294.39	+286.36	+286.07
    831.59	+294.41	+294.37	+295.14	+294.39	+286.39	+285.99
    832.49	+294.41	+294.36	+295.14	+294.39	+286.41	+285.92
    833.40	+294.41	+294.37	+295.15	+294.39	+286.35	+285.86
    834.30	+294.41	+294.36	+295.15	+294.39	+286.40	+286.05
    835.21	+294.41	+294.36	+295.15	+294.39	+286.38	+286.09
    836.11	+294.40	+294.36	+295.15	+294.39	+286.30	+286.04
    837.01	+294.41	+294.36	+295.15	+294.39	+286.27	+286.07
    837.92	+294.40	+294.36	+295.14	+294.40	+286.42	+286.28
    838.82	+294.41	+294.37	+295.14	+294.39	+286.33	+286.19
    839.73	+294.41	+294.36	+295.14	+294.40	+286.53	+286.11
    840.63	+294.40	+294.36	+295.14	+294.39	+286.42	+286.14
    841.54	+294.41	+294.36	+295.14	+294.39	+286.31	+285.80
    842.44	+294.41	+294.37	+295.14	+294.39	+286.47	+285.79
    843.35	+294.41	+294.36	+295.15	+294.39	+286.50	+285.87
    844.25	+294.41	+294.36	+295.15	+294.39	+286.42	+285.97
    845.16	+294.41	+294.36	+295.15	+294.39	+286.36	+285.95
    846.06	+294.41	+294.36	+295.14	+294.39	+286.47	+286.20
    846.97	+294.41	+294.36	+295.14	+294.40	+286.45	+286.15
    847.87	+294.41	+294.37	+295.14	+294.39	+286.37	+286.17
    848.78	+294.41	+294.37	+295.14	+294.39	+286.47	+286.07
    849.68	+294.41	+294.37	+295.14	+294.39	+286.37	+286.08
    850.59	+294.41	+294.37	+295.14	+294.39	+286.32	+286.05
    851.49	+294.41	+294.37	+295.15	+294.39	+286.42	+285.97
    852.40	+294.41	+294.36	+295.15	+294.39	+286.43	+286.02
    853.30	+294.41	+294.36	+295.15	+294.40	+286.41	+286.04
    854.21	+294.41	+294.36	+295.14	+294.39	+286.49	+286.06
    855.11	+294.41	+294.36	+295.14	+294.39	+286.29	+285.97
    856.02	+294.41	+294.36	+295.15	+294.40	+286.22	+286.00
    856.92	+294.41	+294.37	+295.15	+294.39	+286.25	+285.99
    857.83	+294.40	+294.37	+295.14	+294.39	+286.20	+285.95
    858.73	+294.41	+294.37	+295.14	+294.39	+286.32	+286.09
    859.64	+294.41	+294.37	+295.15	+294.39	+286.40	+286.05
    860.54	+294.41	+294.37	+295.15	+294.39	+286.38	+286.15
    861.45	+294.41	+294.37	+295.15	+294.39	+286.39	+285.97
    862.35	+294.41	+294.36	+295.15	+294.39	+286.45	+286.01
    863.26	+294.41	+294.36	+295.14	+294.39	+286.44	+286.07
    864.16	+294.41	+294.36	+295.15	+294.39	+286.51	+285.96
    865.06	+294.41	+294.36	+295.15	+294.39	+286.29	+286.07
    865.97	+294.41	+294.36	+295.15	+294.39	+286.26	+286.07
    866.87	+294.40	+294.37	+295.14	+294.39	+286.36	+286.05
    867.78	+294.41	+294.37	+295.14	+294.40	+286.33	+286.18
    868.68	+294.41	+294.37	+295.15	+294.39	+286.36	+286.15
    869.59	+294.41	+294.37	+295.15	+294.39	+286.36	+285.97
    870.49	+294.41	+294.37	+295.14	+294.39	+286.46	+286.10
    871.40	+294.41	+294.36	+295.14	+294.39	+286.39	+285.98
    872.30	+294.41	+294.36	+295.15	+294.39	+286.25	+285.89
    873.20	+294.41	+294.36	+295.14	+294.39	+286.36	+285.95
    874.11	+294.41	+294.36	+295.14	+294.39	+286.13	+285.83
    875.01	+294.41	+294.36	+295.14	+294.39	+286.22	+286.02
    875.92	+294.40	+294.36	+295.14	+294.39	+286.20	+286.06
    876.82	+294.40	+294.36	+295.14	+294.39	+286.35	+286.15
    877.73	+294.40	+294.37	+295.15	+294.39	+286.33	+286.15
    878.63	+294.40	+294.37	+295.15	+294.39	+286.22	+286.22
    879.54	+294.40	+294.37	+295.15	+294.39	+286.38	+285.95
    880.44	+294.40	+294.36	+295.15	+294.39	+286.36	+285.97
    881.35	+294.41	+294.37	+295.14	+294.40	+286.38	+285.96
    882.25	+294.41	+294.37	+295.14	+294.40	+286.52	+285.92
    883.16	+294.41	+294.36	+295.14	+294.40	+286.39	+285.82
    884.06	+294.41	+294.36	+295.15	+294.39	+286.33	+285.95
    884.97	+294.41	+294.36	+295.14	+294.39	+286.27	+286.13
    885.87	+294.40	+294.36	+295.15	+294.39	+286.35	+286.10
    886.78	+294.40	+294.36	+295.15	+294.39	+286.47	+286.25
    887.68	+294.40	+294.37	+295.14	+294.39	+286.40	+286.23
    888.59	+294.40	+294.36	+295.14	+294.39	+286.39	+286.14
    889.49	+294.40	+294.36	+295.15	+294.39	+286.61	+286.26
    890.39	+294.41	+294.36	+295.15	+294.40	+286.46	+286.14
    891.30	+294.41	+294.37	+295.15	+294.39	+286.49	+286.05
    892.20	+294.41	+294.36	+295.15	+294.40	+286.47	+285.98
    893.11	+294.41	+294.36	+295.14	+294.40	+286.46	+286.14
    894.01	+294.41	+294.36	+295.14	+294.39	+286.47	+286.15
    894.92	+294.40	+294.37	+295.15	+294.39	+286.38	+286.09
    895.82	+294.41	+294.37	+295.15	+294.39	+286.29	+285.94
    896.73	+294.40	+294.37	+295.14	+294.39	+286.33	+286.15
    897.63	+294.40	+294.36	+295.15	+294.39	+286.46	+286.04
    898.54	+294.40	+294.37	+295.15	+294.39	+286.41	+286.11
    899.44	+294.41	+294.36	+295.15	+294.40	+286.31	+286.18
    900.35	+294.41	+294.36	+295.15	+294.40	+286.46	+285.82
    901.25	+294.41	+294.36	+295.15	+294.40	+286.38	+285.80
    902.16	+294.41	+294.36	+295.15	+294.40	+286.47	+286.05
    903.06	+294.41	+294.37	+295.15	+294.40	+286.30	+286.00
    903.96	+294.41	+294.36	+295.15	+294.39	+286.22	+285.97
    904.87	+294.41	+294.37	+295.15	+294.39	+286.31	+286.16
    905.78	+294.41	+294.36	+295.14	+294.39	+286.30	+286.11
    906.68	+294.40	+294.37	+295.14	+294.39	+286.29	+285.98
    907.59	+294.41	+294.37	+295.15	+294.39	+286.33	+286.14
    908.49	+294.41	+294.36	+295.14	+294.40	+286.29	+285.90
    909.39	+294.41	+294.36	+295.14	+294.40	+286.22	+285.91
    910.30	+294.41	+294.36	+295.15	+294.40	+286.38	+285.90
    911.20	+294.41	+294.36	+295.14	+294.40	+286.47	+285.93
    912.10	+294.41	+294.36	+295.15	+294.40	+286.41	+286.06
    913.01	+294.41	+294.37	+295.15	+294.39	+286.31	+286.05
    913.91	+294.41	+294.37	+295.14	+294.39	+286.38	+286.00
    914.82	+294.41	+294.36	+295.14	+294.39	+286.33	+286.07
    915.72	+294.41	+294.36	+295.15	+294.39	+286.35	+286.10
    916.62	+294.41	+294.36	+295.15	+294.39	+286.34	+286.14
    917.52	+294.41	+294.36	+295.14	+294.39	+286.30	+286.08
    918.43	+294.41	+294.36	+295.14	+294.40	+286.41	+286.15
    919.33	+294.41	+294.36	+295.14	+294.39	+286.43	+285.94
    920.24	+294.41	+294.36	+295.14	+294.40	+286.47	+285.97
    921.14	+294.41	+294.36	+295.14	+294.39	+286.40	+286.07
    922.04	+294.41	+294.36	+295.15	+294.39	+286.29	+286.08
    922.95	+294.41	+294.37	+295.15	+294.39	+286.30	+286.16
    923.85	+294.41	+294.36	+295.15	+294.40	+286.27	+285.94
    924.75	+294.41	+294.36	+295.15	+294.39	+286.23	+286.07
    925.66	+294.41	+294.37	+295.15	+294.39	+286.29	+286.16
    926.56	+294.41	+294.36	+295.15	+294.40	+286.41	+286.28
    927.46	+294.41	+294.37	+295.14	+294.39	+286.37	+286.22
    928.37	+294.41	+294.37	+295.14	+294.39	+286.27	+286.07
    929.27	+294.41	+294.36	+295.14	+294.39	+286.50	+286.03
    930.18	+294.41	+294.37	+295.14	+294.40	+286.47	+285.87
    931.08	+294.41	+294.37	+295.14	+294.39	+286.45	+285.92
    931.99	+294.41	+294.36	+295.15	+294.39	+286.28	+286.05
    932.89	+294.41	+294.37	+295.15	+294.40	+286.38	+286.05
    933.80	+294.41	+294.36	+295.15	+294.40	+286.50	+286.07
    934.70	+294.41	+294.36	+295.15	+294.39	+286.40	+286.17
    935.61	+294.41	+294.36	+295.15	+294.40	+286.36	+286.17
    936.51	+294.41	+294.37	+295.14	+294.39	+286.45	+286.13
    937.41	+294.41	+294.37	+295.14	+294.40	+286.38	+286.08
    938.32	+294.41	+294.37	+295.14	+294.40	+286.40	+286.12
    939.22	+294.41	+294.37	+295.14	+294.40	+286.29	+286.03
    940.13	+294.41	+294.37	+295.14	+294.39	+286.35	+285.97
    941.03	+294.41	+294.36	+295.15	+294.39	+286.31	+285.89
    941.94	+294.41	+294.36	+295.15	+294.39	+286.37	+286.15
    942.84	+294.41	+294.36	+295.15	+294.39	+286.36	+286.02
    943.74	+294.41	+294.36	+295.15	+294.40	+286.37	+286.15
    944.65	+294.41	+294.36	+295.14	+294.40	+286.33	+286.05
    945.55	+294.41	+294.37	+295.15	+294.39	+286.36	+286.08
    946.45	+294.41	+294.37	+295.14	+294.40	+286.43	+286.03
    947.35	+294.41	+294.37	+295.14	+294.39	+286.44	+286.02
    948.25	+294.41	+294.37	+295.15	+294.39	+286.25	+286.07
    949.16	+294.41	+294.37	+295.14	+294.39	+286.42	+286.05
    950.06	+294.41	+294.36	+295.15	+294.40	+286.41	+286.04
    950.96	+294.41	+294.36	+295.15	+294.39	+286.40	+286.01
    951.87	+294.41	+294.36	+295.15	+294.39	+286.46	+285.95
    952.77	+294.41	+294.36	+295.15	+294.39	+286.38	+286.01
    953.67	+294.41	+294.36	+295.15	+294.39	+286.21	+286.02
    954.58	+294.41	+294.36	+295.14	+294.40	+286.38	+286.04
    955.48	+294.40	+294.37	+295.14	+294.40	+286.36	+286.15
    956.39	+294.40	+294.37	+295.15	+294.39	+286.50	+286.02
    957.29	+294.40	+294.37	+295.15	+294.39	+286.49	+286.05
    958.19	+294.40	+294.37	+295.15	+294.40	+286.41	+286.08
    959.10	+294.40	+294.37	+295.15	+294.39	+286.48	+286.15
    960.00	+294.41	+294.36	+295.15	+294.39	+286.43	+286.15
    960.91	+294.41	+294.36	+295.15	+294.39	+286.49	+285.94
    961.81	+294.41	+294.36	+295.15	+294.40	+286.36	+286.03
    962.71	+294.41	+294.36	+295.15	+294.39	+286.25	+285.93
    963.62	+294.42	+294.36	+295.15	+294.40	+286.29	+285.99
    964.52	+294.40	+294.37	+295.15	+294.39	+286.22	+286.02
    965.42	+294.40	+294.37	+295.15	+294.40	+286.24	+286.03
    966.33	+294.40	+294.37	+295.15	+294.40	+286.39	+285.92
    967.23	+294.40	+294.37	+295.15	+294.39	+286.39	+286.05
    968.14	+294.40	+294.37	+295.15	+294.39	+286.37	+286.04
    969.04	+294.41	+294.36	+295.15	+294.39	+286.46	+286.02
    969.97	+294.41	+294.37	+295.15	+294.40	+286.33	+285.88
    970.87	+294.41	+294.37	+295.15	+294.40	+286.33	+285.88
    971.77	+294.41	+294.36	+295.15	+294.40	+286.47	+286.03
    972.68	+294.41	+294.36	+295.15	+294.39	+286.30	+286.05
    973.58	+294.41	+294.37	+295.15	+294.40	+286.31	+286.00
    974.49	+294.40	+294.36	+295.15	+294.40	+286.34	+286.10
    975.39	+294.40	+294.36	+295.15	+294.39	+286.30	+286.16
    976.30	+294.40	+294.36	+295.15	+294.39	+286.35	+286.23
    977.20	+294.41	+294.37	+295.15	+294.39	+286.36	+286.03
    978.11	+294.40	+294.36	+295.15	+294.39	+286.43	+285.97
    979.01	+294.41	+294.36	+295.15	+294.40	+286.42	+285.84
    979.92	+294.41	+294.36	+295.15	+294.39	+286.35	+285.89
    980.82	+294.41	+294.36	+295.15	+294.39	+286.50	+285.94
    981.73	+294.41	+294.36	+295.15	+294.39	+286.41	+286.05
    982.63	+294.41	+294.37	+295.15	+294.39	+286.33	+285.95
    983.54	+294.41	+294.36	+295.15	+294.39	+286.25	+286.00
    984.44	+294.41	+294.37	+295.15	+294.39	+286.34	+286.15
    985.35	+294.41	+294.37	+295.15	+294.39	+286.33	+286.22
    986.25	+294.41	+294.36	+295.15	+294.39	+286.36	+286.07
    987.16	+294.41	+294.36	+295.15	+294.40	+286.31	+286.05
    988.06	+294.41	+294.37	+295.15	+294.40	+286.41	+286.07
    988.97	+294.41	+294.37	+295.15	+294.40	+286.46	+286.09
    989.87	+294.41	+294.37	+295.15	+294.40	+286.38	+286.02
    990.77	+294.41	+294.37	+295.15	+294.40	+286.42	+286.09
    991.68	+294.41	+294.37	+295.15	+294.40	+286.37	+286.11
    992.58	+294.41	+294.37	+295.15	+294.39	+286.34	+285.97
    993.49	+294.41	+294.37	+295.15	+294.39	+286.40	+286.15
    994.39	+294.41	+294.37	+295.15	+294.39	+286.41	+286.15
    995.31	+294.41	+294.37	+295.15	+294.39	+286.37	+286.24
    996.21	+294.41	+294.37	+295.15	+294.39	+286.44	+286.09
    997.12	+294.41	+294.37	+295.15	+294.40	+286.27	+286.11
    998.02	+294.41	+294.37	+295.15	+294.40	+286.36	+285.95
    998.92	+294.41	+294.37	+295.15	+294.40	+286.34	+285.85
    999.83	+294.41	+294.37	+295.15	+294.40	+286.49	+286.09
   1000.73	+294.41	+294.36	+295.14	+294.40	+286.41	+286.16
   1001.64	+294.41	+294.36	+295.15	+294.39	+286.42	+286.10
   1002.54	+294.41	+294.36	+295.15	+294.39	+286.54	+286.09
   1003.45	+294.41	+294.37	+295.14	+294.39	+286.32	+286.15
   1004.35	+294.41	+294.37	+295.15	+294.39	+286.32	+286.04
   1005.25	+294.41	+294.36	+295.15	+294.39	+286.34	+286.01
   1006.16	+294.41	+294.37	+295.15	+294.40	+286.44	+286.09
   1007.06	+294.41	+294.37	+295.15	+294.40	+286.44	+286.13
   1007.97	+294.41	+294.37	+295.15	+294.40	+286.58	+286.00
   1008.87	+294.41	+294.37	+295.15	+294.40	+286.36	+285.92
   1009.78	+294.41	+294.37	+295.15	+294.40	+286.41	+285.85
   1010.68	+294.41	+294.37	+295.14	+294.39	+286.31	+285.93
   1011.59	+294.41	+294.37	+295.15	+294.39	+286.29	+286.02
   1012.49	+294.41	+294.37	+295.15	+294.39	+286.33	+286.15
   1013.40	+294.41	+294.37	+295.15	+294.39	+286.38	+286.17
   1014.30	+294.41	+294.36	+295.15	+294.40	+286.34	+286.02
   1015.21	+294.41	+294.37	+295.15	+294.39	+286.25	+286.11
   1016.11	+294.41	+294.37	+295.14	+294.40	+286.36	+286.14
   1017.02	+294.41	+294.37	+295.14	+294.40	+286.41	+286.05
   1017.92	+294.41	+294.37	+295.14	+294.40	+286.52	+286.13
   1018.82	+294.41	+294.37	+295.14	+294.40	+286.50	+285.97
   1019.73	+294.41	+294.37	+295.14	+294.40	+286.44	+285.98
   1020.63	+294.41	+294.37	+295.15	+294.40	+286.42	+286.05
   1021.54	+294.41	+294.37	+295.15	+294.40	+286.38	+286.09
   1022.44	+294.41	+294.37	+295.15	+294.40	+286.37	+286.22
   1023.35	+294.41	+294.37	+295.15	+294.40	+286.41	+285.96
   1024.25	+294.41	+294.37	+295.15	+294.40	+286.34	+286.07
   1025.16	+294.41	+294.37	+295.14	+294.40	+286.32	+286.07
   1026.06	+294.41	+294.37	+295.14	+294.40	+286.36	+285.89
   1026.97	+294.41	+294.37	+295.14	+294.40	+286.38	+286.04
   1027.87	+294.41	+294.37	+295.14	+294.40	+286.38	+286.02
   1028.78	+294.41	+294.37	+295.14	+294.40	+286.35	+285.95
   1029.68	+294.41	+294.37	+295.15	+294.40	+286.47	+285.94
   1030.59	+294.41	+294.36	+295.15	+294.40	+286.37	+286.07
   1031.49	+294.41	+294.37	+295.15	+294.40	+286.41	+285.99
   1032.40	+294.41	+294.36	+295.15	+294.40	+286.47	+286.10
   1033.30	+294.41	+294.37	+295.15	+294.40	+286.38	+286.22
   1034.21	+294.41	+294.37	+295.15	+294.40	+286.48	+286.17
   1035.11	+294.41	+294.37	+295.14	+294.39	+286.44	+286.17
   1036.01	+294.41	+294.37	+295.14	+294.40	+286.43	+286.09
   1036.92	+294.41	+294.37	+295.14	+294.40	+286.36	+286.05
   1037.82	+294.41	+294.37	+295.14	+294.40	+286.37	+285.89
   1038.72	+294.41	+294.37	+295.14	+294.40	+286.52	+285.82
   1039.63	+294.41	+294.37	+295.15	+294.40	+286.43	+285.87
   1040.53	+294.41	+294.37	+295.15	+294.40	+286.36	+286.17
   1041.44	+294.41	+294.37	+295.15	+294.40	+286.21	+286.05
   1042.34	+294.41	+294.37	+295.15	+294.40	+286.33	+286.28
   1043.25	+294.41	+294.37	+295.15	+294.40	+286.51	+286.31
   1044.15	+294.41	+294.37	+295.15	+294.40	+286.43	+286.29
   1045.06	+294.41	+294.37	+295.14	+294.40	+286.43	+286.07
   1045.96	+294.41	+294.37	+295.14	+294.40	+286.44	+286.13
   1046.87	+294.41	+294.37	+295.14	+294.40	+286.38	+285.99
   1047.77	+294.41	+294.37	+295.14	+294.40	+286.39	+286.03
   1048.67	+294.41	+294.36	+295.15	+294.40	+286.31	+285.99
   1049.58	+294.41	+294.36	+295.15	+294.40	+286.33	+285.97
   1050.49	+294.41	+294.36	+295.15	+294.40	+286.49	+286.09
   1051.39	+294.41	+294.36	+295.15	+294.40	+286.42	+286.05
   1052.30	+294.41	+294.36	+295.15	+294.40	+286.41	+286.15
   1053.20	+294.41	+294.36	+295.14	+294.40	+286.38	+286.10
   1054.10	+294.41	+294.37	+295.15	+294.40	+286.40	+286.11
   1055.01	+294.41	+294.37	+295.14	+294.40	+286.41	+286.10
   1055.91	+294.41	+294.37	+295.14	+294.40	+286.45	+286.06
   1056.82	+294.41	+294.37	+295.14	+294.40	+286.30	+285.98
   1057.72	+294.41	+294.37	+295.15	+294.40	+286.34	+286.08
   1058.63	+294.41	+294.36	+295.15	+294.40	+286.31	+285.87
   1059.53	+294.41	+294.36	+295.15	+294.40	+286.32	+286.06
   1060.44	+294.41	+294.36	+295.15	+294.40	+286.49	+286.11
   1061.34	+294.41	+294.36	+295.15	+294.40	+286.34	+285.90
   1062.25	+294.41	+294.36	+295.15	+294.40	+286.22	+286.11
   1063.15	+294.41	+294.37	+295.15	+294.40	+286.33	+285.96
   1064.05	+294.41	+294.37	+295.15	+294.40	+286.49	+286.12
   1064.96	+294.41	+294.37	+295.15	+294.40	+286.30	+285.97
   1065.86	+294.41	+294.37	+295.15	+294.40	+286.33	+285.86
   1066.77	+294.41	+294.37	+295.15	+294.40	+285.86	+285.56
   1067.67	+294.41	+294.36	+295.15	+294.40	+286.35	+285.93
   1068.58	+294.41	+294.36	+295.15	+294.40	+286.47	+286.09
   1069.48	+294.41	+294.36	+295.15	+294.40	+286.36	+285.97
   1070.39	+294.41	+294.36	+295.15	+294.40	+286.42	+286.08
   1071.29	+294.41	+294.36	+295.15	+294.40	+286.31	+286.09
   1072.20	+294.41	+294.37	+295.15	+294.40	+286.23	+286.01
   1073.10	+294.41	+294.37	+295.15	+294.40	+286.53	+286.29
   1074.01	+294.41	+294.37	+295.15	+294.40	+286.34	+285.99
   1074.91	+294.41	+294.37	+295.15	+294.40	+286.41	+286.06
   1075.82	+294.41	+294.37	+295.15	+294.40	+286.31	+286.11
   1076.73	+294.41	+294.37	+295.15	+294.40	+286.42	+286.02
   1077.63	+294.41	+294.37	+295.15	+294.40	+286.48	+286.01
   1078.54	+294.41	+294.36	+295.15	+294.40	+286.36	+286.07
   1079.44	+294.41	+294.36	+295.15	+294.40	+286.38	+286.00
   1080.34	+294.41	+294.36	+295.15	+294.40	+286.32	+285.90
   1081.25	+294.41	+294.36	+295.15	+294.40	+286.31	+285.99
   1082.16	+294.41	+294.37	+295.15	+294.40	+286.35	+286.18
   1083.06	+294.40	+294.37	+295.15	+294.40	+286.36	+286.16
   1083.96	+294.41	+294.37	+295.15	+294.40	+286.45	+286.14
   1084.87	+294.40	+294.37	+295.15	+294.40	+286.50	+286.06
   1085.78	+294.40	+294.37	+295.15	+294.40	+286.33	+286.06
   1086.69	+294.41	+294.36	+295.15	+294.40	+286.39	+286.07
   1087.59	+294.41	+294.37	+295.15	+294.40	+286.32	+286.12
   1088.49	+294.41	+294.36	+295.15	+294.40	+286.33	+285.94
   1089.40	+294.42	+294.36	+295.15	+294.40	+286.41	+285.98
   1090.30	+294.42	+294.37	+295.15	+294.40	+286.29	+285.95
   1091.21	+294.40	+294.37	+295.15	+294.40	+286.22	+285.94
   1092.11	+294.40	+294.37	+295.15	+294.40	+286.41	+286.08
   1093.02	+294.40	+294.37	+295.15	+294.40	+286.35	+286.01
   1093.92	+294.40	+294.37	+295.15	+294.40	+286.33	+286.10
   1094.83	+294.40	+294.37	+295.15	+294.40	+286.33	+286.11
   1095.73	+294.41	+294.37	+295.15	+294.40	+286.25	+286.05
   1096.64	+294.41	+294.37	+295.15	+294.40	+286.27	+285.87
   1097.54	+294.41	+294.37	+295.15	+294.40	+286.31	+285.82
   1098.44	+294.41	+294.37	+295.15	+294.40	+286.33	+285.84
   1099.35	+294.41	+294.37	+295.15	+294.40	+286.16	+285.96
   1100.25	+294.41	+294.37	+295.15	+294.40	+286.28	+286.10
   1101.15	+294.40	+294.37	+295.15	+294.39	+286.41	+286.27
   1102.06	+294.41	+294.37	+295.15	+294.40	+286.31	+286.11
   1102.96	+294.40	+294.37	+295.15	+294.40	+286.37	+286.21
   1103.87	+294.41	+294.37	+295.15	+294.40	+286.21	+285.99
   1104.77	+294.40	+294.37	+295.15	+294.40	+286.21	+285.88
   1105.68	+294.41	+294.37	+295.15	+294.40	+286.31	+285.82
   1106.58	+294.41	+294.37	+295.15	+294.40	+286.36	+285.89
   1107.49	+294.41	+294.37	+295.15	+294.40	+286.40	+285.74
   1108.39	+294.41	+294.37	+295.15	+294.40	+286.24	+285.93
   1109.30	+294.41	+294.37	+295.15	+294.40	+286.29	+286.05
   1110.20	+294.41	+294.37	+295.15	+294.40	+286.27	+285.97
   1111.11	+294.40	+294.37	+295.15	+294.40	+286.39	+286.08
   1112.01	+294.40	+294.37	+295.15	+294.40	+286.37	+286.07
   1112.92	+294.40	+294.37	+295.15	+294.40	+286.34	+286.01
   1113.82	+294.40	+294.37	+295.15	+294.40	+286.33	+285.92
   1114.73	+294.41	+294.37	+295.15	+294.40	+286.33	+285.96
   1115.63	+294.41	+294.37	+295.15	+294.40	+286.44	+285.99
   1116.54	+294.41	+294.37	+295.15	+294.40	+286.35	+285.94
   1117.44	+294.41	+294.37	+295.15	+294.40	+286.36	+286.08
   1118.35	+294.41	+294.37	+295.15	+294.40	+286.40	+285.82
   1119.25	+294.41	+294.37	+295.15	+294.40	+286.45	+286.04
   1120.16	+294.41	+294.37	+295.15	+294.39	+286.38	+286.14
   1121.06	+294.41	+294.37	+295.15	+294.39	+286.27	+286.02
   1121.97	+294.41	+294.37	+295.15	+294.39	+286.23	+286.01
   1122.87	+294.41	+294.37	+295.15	+294.39	+286.31	+285.96
   1123.78	+294.41	+294.37	+295.15	+294.40	+286.33	+285.97
   1124.68	+294.41	+294.37	+295.15	+294.40	+286.29	+285.75
   1125.58	+294.41	+294.37	+295.15	+294.40	+286.32	+285.80
   1126.49	+294.41	+294.37	+295.15	+294.40	+286.38	+285.77
   1127.39	+294.41	+294.37	+295.15	+294.40	+286.35	+285.95
   1128.29	+294.41	+294.37	+295.15	+294.40	+286.41	+286.09
   1129.20	+294.41	+294.37	+295.15	+294.40	+286.30	+286.05
   1130.11	+294.41	+294.37	+295.15	+294.40	+286.34	+286.14
   1131.01	+294.41	+294.37	+295.15	+294.40	+286.31	+286.25
   1131.92	+294.41	+294.37	+295.15	+294.40	+286.39	+286.06
   1132.82	+294.41	+294.37	+295.15	+294.40	+286.31	+285.99
   1133.72	+294.41	+294.37	+295.15	+294.40	+286.28	+286.05
   1134.63	+294.41	+294.37	+295.15	+294.40	+286.40	+285.97
   1135.53	+294.41	+294.37	+295.15	+294.40	+286.51	+286.05
   1136.44	+294.41	+294.37	+295.15	+294.40	+286.60	+286.09
   1137.34	+294.41	+294.37	+295.15	+294.40	+286.42	+285.97
   1138.25	+294.41	+294.37	+295.15	+294.40	+286.33	+286.01
   1139.15	+294.41	+294.37	+295.15	+294.40	+286.33	+286.05
   1140.06	+294.41	+294.37	+295.15	+294.40	+286.35	+286.07
   1140.97	+294.41	+294.37	+295.15	+294.40	+286.36	+286.14
   1141.87	+294.41	+294.37	+295.15	+294.40	+286.36	+286.09
   1142.77	+294.41	+294.37	+295.15	+294.40	+286.33	+286.01
   1143.68	+294.41	+294.37	+295.15	+294.40	+286.53	+286.11
   1144.58	+294.41	+294.37	+295.15	+294.40	+286.38	+286.13
   1145.49	+294.41	+294.37	+295.15	+294.40	+286.33	+286.12
   1146.39	+294.41	+294.37	+295.14	+294.40	+286.28	+286.07
   1147.30	+294.41	+294.37	+295.15	+294.40	+286.38	+285.99
   1148.20	+294.41	+294.37	+295.16	+294.40	+286.25	+286.02
   1149.11	+294.41	+294.37	+295.15	+294.40	+286.36	+286.06
   1150.02	+294.41	+294.37	+295.15	+294.40	+286.27	+286.00
   1150.92	+294.41	+294.37	+295.15	+294.40	+286.34	+286.17
   1151.83	+294.41	+294.37	+295.14	+294.40	+286.36	+286.14
   1152.73	+294.41	+294.37	+295.14	+294.40	+286.32	+286.06
   1153.64	+294.41	+294.37	+295.14	+294.40	+286.36	+285.94
   1154.54	+294.41	+294.37	+295.14	+294.40	+286.36	+286.07
   1155.45	+294.41	+294.37	+295.14	+294.40	+286.33	+286.05
   1156.35	+294.41	+294.37	+295.14	+294.40	+286.33	+285.95
   1157.26	+294.41	+294.37	+295.15	+294.40	+286.33	+285.89
   1158.16	+294.41	+294.37	+295.15	+294.40	+286.29	+286.06
   1159.07	+294.41	+294.37	+295.15	+294.40	+286.40	+285.97
   1159.97	+294.41	+294.37	+295.15	+294.40	+286.29	+286.22
   1160.88	+294.41	+294.37	+295.15	+294.40	+286.36	+285.94
   1161.78	+294.41	+294.37	+295.15	+294.40	+286.41	+286.17
   1162.69	+294.41	+294.37	+295.14	+294.40	+286.51	+286.07
   1163.59	+294.41	+294.37	+295.14	+294.40	+286.41	+286.05
   1164.50	+294.41	+294.37	+295.14	+294.40	+286.53	+286.15
   1165.40	+294.41	+294.37	+295.14	+294.40	+286.44	+286.06
   1166.31	+294.41	+294.37	+295.15	+294.40	+286.33	+285.99
   1167.22	+294.41	+294.37	+295.16	+294.40	+286.33	+286.05
   1168.12	+294.41	+294.37	+295.16	+294.40	+286.43	+286.19
   1169.03	+294.41	+294.37	+295.15	+294.40	+286.49	+286.12
   1169.93	+294.41	+294.37	+295.15	+294.40	+286.37	+286.15
   1170.84	+294.41	+294.37	+295.14	+294.40	+286.47	+286.14
   1171.74	+294.41	+294.37	+295.14	+294.40	+286.38	+286.05
   1172.65	+294.41	+294.37	+295.14	+294.40	+286.44	+286.14
   1173.55	+294.41	+294.37	+295.14	+294.40	+286.38	+286.19
   1174.46	+294.41	+294.37	+295.15	+294.40	+286.33	+285.86
   1175.36	+294.41	+294.37	+295.14	+294.40	+286.39	+285.92
   1176.28	+294.41	+294.37	+295.15	+294.40	+286.33	+285.92
   1177.18	+294.41	+294.37	+295.15	+294.40	+286.44	+286.12
   1178.09	+294.41	+294.37	+295.15	+294.40	+286.50	+286.17
   1178.99	+294.41	+294.37	+295.15	+294.40	+286.38	+286.30
   1179.90	+294.41	+294.37	+295.15	+294.40	+286.29	+286.13
   1180.80	+294.41	+294.37	+295.15	+294.40	+286.35	+286.22
   1181.71	+294.41	+294.37	+295.15	+294.40	+286.50	+286.08
   1182.61	+294.41	+294.37	+295.15	+294.40	+286.42	+286.04
   1183.52	+294.41	+294.37	+295.14	+294.40	+286.36	+286.01
   1184.42	+294.41	+294.37	+295.14	+294.40	+286.25	+285.94
   1185.33	+294.41	+294.37	+295.15	+294.40	+286.37	+285.79
   1186.23	+294.41	+294.37	+295.16	+294.40	+286.35	+285.95
   1187.14	+294.41	+294.37	+295.15	+294.40	+286.34	+286.01
   1188.04	+294.41	+294.37	+295.15	+294.40	+286.41	+285.99
   1188.95	+294.41	+294.36	+295.15	+294.40	+286.34	+286.19
   1189.85	+294.41	+294.36	+295.15	+294.40	+286.52	+286.23
   1190.76	+294.41	+294.37	+295.14	+294.40	+286.35	+286.05
   1191.66	+294.41	+294.37	+295.15	+294.40	+286.48	+285.97
   1192.57	+294.41	+294.37	+295.15	+294.40	+286.30	+286.02
   1193.47	+294.41	+294.38	+295.15	+294.40	+286.35	+285.98
   1194.38	+294.41	+294.37	+295.15	+294.40	+286.33	+285.85
   1195.29	+294.41	+294.36	+295.15	+294.40	+286.44	+285.93
   1196.19	+294.41	+294.37	+295.15	+294.40	+286.44	+286.11
   1197.10	+294.41	+294.37	+295.15	+294.40	+286.38	+286.10
   1198.00	+294.41	+294.37	+295.15	+294.40	+286.39	+286.33
   1198.91	+294.41	+294.37	+295.15	+294.40	+286.38	+286.15
   1199.81	+294.41	+294.37	+295.15	+294.40	+286.42	+286.30
   1200.72	+294.41	+294.37	+295.15	+294.40	+286.48	+286.21
   1201.62	+294.41	+294.37	+295.15	+294.40	+286.35	+286.09
   1202.53	+294.41	+294.37	+295.15	+294.40	+286.46	+285.89
   1203.43	+294.41	+294.37	+295.15	+294.40	+286.37	+285.78
   1204.34	+294.41	+294.36	+295.15	+294.40	+286.25	+286.02
   1205.24	+294.41	+294.36	+295.15	+294.40	+286.50	+286.06
   1206.15	+294.41	+294.37	+295.15	+294.40	+286.47	+286.16
   1207.05	+294.41	+294.36	+295.15	+294.40	+286.47	+286.19
   1207.96	+294.41	+294.36	+295.15	+294.40	+286.35	+286.17
   1208.86	+294.41	+294.38	+295.15	+294.40	+286.44	+286.26
   1209.77	+294.41	+294.38	+295.15	+294.40	+286.34	+286.07
   1210.67	+294.41	+294.38	+295.15	+294.40	+286.47	+286.15
   1211.58	+294.41	+294.38	+295.15	+294.40	+286.41	+286.11
   1212.49	+294.41	+294.38	+295.15	+294.40	+286.36	+286.05
   1213.39	+294.41	+294.38	+295.15	+294.40	+286.25	+286.05
   1214.30	+294.41	+294.36	+295.15	+294.40	+286.45	+286.01
   1215.20	+294.41	+294.36	+295.15	+294.40	+286.41	+286.08
   1216.11	+294.41	+294.36	+295.15	+294.40	+286.50	+286.20
   1217.01	+294.41	+294.36	+295.15	+294.40	+286.35	+286.03
   1217.92	+294.42	+294.36	+295.15	+294.40	+286.27	+286.09
   1218.82	+294.41	+294.38	+295.15	+294.40	+286.39	+286.05
   1219.73	+294.41	+294.38	+295.15	+294.40	+286.43	+286.15
   1220.63	+294.41	+294.38	+295.15	+294.40	+286.45	+286.27
   1221.54	+294.41	+294.37	+295.15	+294.40	+286.50	+286.21
   1222.45	+294.41	+294.37	+295.15	+294.40	+286.42	+286.10
   1223.35	+294.41	+294.37	+295.15	+294.40	+286.39	+285.93
   1224.26	+294.41	+294.37	+295.15	+294.40	+286.52	+286.09
   1225.16	+294.41	+294.37	+295.15	+294.40	+286.42	+286.05
   1226.06	+294.41	+294.37	+295.15	+294.40	+286.36	+286.09
   1226.97	+294.41	+294.36	+295.15	+294.40	+286.44	+286.06
   1227.88	+294.41	+294.37	+295.15	+294.40	+286.36	+286.09
   1228.78	+294.41	+294.37	+295.15	+294.40	+286.28	+286.08
   1229.69	+294.41	+294.38	+295.15	+294.40	+286.41	+286.02
   1230.59	+294.41	+294.38	+295.15	+294.40	+286.38	+286.05
   1231.50	+294.41	+294.38	+295.15	+294.40	+286.42	+286.05
   1232.40	+294.41	+294.38	+295.15	+294.40	+286.35	+286.07
   1233.31	+294.41	+294.36	+295.15	+294.40	+286.33	+286.07
   1234.21	+294.41	+294.36	+295.15	+294.40	+286.36	+286.03
   1235.12	+294.41	+294.36	+295.15	+294.40	+286.47	+286.09
   1236.02	+294.42	+294.36	+295.15	+294.40	+286.28	+286.15
   1236.93	+294.42	+294.37	+295.15	+294.40	+286.35	+286.03
   1237.83	+294.41	+294.37	+295.15	+294.40	+286.24	+285.93
   1238.74	+294.41	+294.37	+295.15	+294.40	+286.25	+285.85
   1239.65	+294.41	+294.37	+295.15	+294.40	+286.25	+285.97
   1240.55	+294.41	+294.37	+295.15	+294.40	+286.30	+286.03
   1241.46	+294.41	+294.37	+295.15	+294.40	+286.43	+285.99
   1242.36	+294.42	+294.37	+295.15	+294.40	+286.40	+286.05
   1243.27	+294.41	+294.37	+295.15	+294.40	+286.42	+285.97
   1244.17	+294.42	+294.37	+295.15	+294.40	+286.46	+285.99
   1245.08	+294.41	+294.37	+295.15	+294.40	+286.36	+285.98
   1245.98	+294.41	+294.37	+295.15	+294.40	+286.34	+285.93
   1246.89	+294.41	+294.37	+295.15	+294.40	+286.21	+286.02
   1247.79	+294.41	+294.37	+295.15	+294.40	+286.31	+286.07
   1248.70	+294.41	+294.37	+295.15	+294.40	+286.38	+286.18
   1249.60	+294.41	+294.37	+295.15	+294.40	+286.31	+286.18
   1250.51	+294.41	+294.37	+295.15	+294.40	+286.33	+286.11
   1251.42	+294.41	+294.37	+295.15	+294.40	+286.36	+286.09
   1252.32	+294.42	+294.37	+295.15	+294.40	+286.41	+285.97
   1253.23	+294.42	+294.37	+295.15	+294.40	+286.38	+285.78
   1254.13	+294.42	+294.37	+295.15	+294.40	+286.25	+285.85
   1255.04	+294.42	+294.37	+295.15	+294.40	+286.23	+285.97
   1255.94	+294.42	+294.37	+295.15	+294.40	+286.51	+286.00
   1256.85	+294.41	+294.37	+295.15	+294.40	+286.38	+285.96
   1257.75	+294.41	+294.37	+295.15	+294.40	+286.29	+286.05
   1258.66	+294.41	+294.37	+295.15	+294.40	+286.38	+286.08
   1259.56	+294.41	+294.37	+295.15	+294.40	+286.25	+286.00
   1260.47	+294.41	+294.37	+295.15	+294.40	+286.36	+285.97
   1261.37	+294.42	+294.37	+295.15	+294.40	+286.25	+286.04
   1262.28	+294.42	+294.37	+295.15	+294.40	+286.38	+285.84
   1263.18	+294.42	+294.37	+295.15	+294.40	+286.43	+286.09
   1264.09	+294.42	+294.37	+295.15	+294.40	+286.44	+286.03
   1264.99	+294.42	+294.37	+295.15	+294.40	+286.35	+285.92
   1265.90	+294.41	+294.37	+295.15	+294.40	+286.31	+286.01
   1266.81	+294.41	+294.37	+295.15	+294.40	+286.44	+286.15
   1267.72	+294.41	+294.37	+295.15	+294.40	+286.50	+286.24
   1268.62	+294.41	+294.37	+295.15	+294.40	+286.38	+286.10
   1269.53	+294.41	+294.37	+295.15	+294.40	+286.27	+286.01
   1270.43	+294.41	+294.37	+295.15	+294.40	+286.40	+286.00
   1271.34	+294.42	+294.37	+295.15	+294.40	+286.26	+285.76
   1272.24	+294.42	+294.37	+295.15	+294.40	+286.31	+285.78
   1273.15	+294.42	+294.37	+295.15	+294.40	+286.41	+285.95
   1274.05	+294.42	+294.37	+295.15	+294.40	+286.29	+285.99
   1274.96	+294.42	+294.37	+295.15	+294.40	+286.23	+286.13
   1275.87	+294.41	+294.37	+295.15	+294.40	+286.50	+286.22
   1276.77	+294.41	+294.37	+295.15	+294.40	+286.47	+286.22
   1277.68	+294.41	+294.37	+295.15	+294.40	+286.42	+286.26
   1278.58	+294.41	+294.37	+295.15	+294.40	+286.34	+285.96
   1279.49	+294.41	+294.37	+295.15	+294.40	+286.37	+286.08
   1280.39	+294.42	+294.37	+295.15	+294.40	+286.35	+285.96
   1281.30	+294.42	+294.37	+295.15	+294.40	+286.34	+285.97
   1282.20	+294.42	+294.37	+295.15	+294.40	+286.38	+285.89
   1283.11	+294.42	+294.37	+295.15	+294.40	+286.33	+286.02
   1284.01	+294.42	+294.37	+295.15	+294.40	+286.33	+285.95
   1284.92	+294.42	+294.37	+295.15	+294.40	+286.43	+286.02
   1285.82	+294.41	+294.37	+295.15	+294.40	+286.40	+286.24
   1286.73	+294.41	+294.37	+295.15	+294.40	+286.47	+286.16
   1287.63	+294.41	+294.37	+295.15	+294.40	+286.47	+286.35
   1288.54	+294.41	+294.37	+295.15	+294.40	+286.36	+286.11
   1289.44	+294.41	+294.37	+295.15	+294.40	+286.32	+285.98
   1290.35	+294.42	+294.37	+295.15	+294.40	+286.29	+285.82
   1291.25	+294.42	+294.37	+295.15	+294.40	+286.33	+285.97
   1292.16	+294.42	+294.37	+295.15	+294.40	+286.34	+285.94
   1293.06	+294.41	+294.37	+295.15	+294.40	+286.33	+286.08
   1293.97	+294.41	+294.37	+295.15	+294.40	+286.31	+286.11
   1294.88	+294.41	+294.37	+295.15	+294.40	+286.41	+286.01
   1295.78	+294.41	+294.37	+295.15	+294.40	+286.47	+286.19
   1296.69	+294.41	+294.37	+295.15	+294.40	+286.34	+286.03
   1297.59	+294.41	+294.37	+295.15	+294.40	+286.33	+286.07
   1298.50	+294.41	+294.37	+295.15	+294.40	+286.35	+286.04
   1299.40	+294.42	+294.37	+295.15	+294.40	+286.41	+286.02
   1300.31	+294.41	+294.37	+295.15	+294.40	+286.39	+285.99
   1301.21	+294.41	+294.37	+295.15	+294.40	+286.41	+285.97
   1302.12	+294.41	+294.37	+295.15	+294.40	+286.38	+285.97
   1303.02	+294.41	+294.37	+295.15	+294.40	+286.30	+285.99
   1303.93	+294.41	+294.37	+295.15	+294.40	+286.27	+286.01
   1304.83	+294.41	+294.37	+295.15	+294.40	+286.25	+285.94
   1305.74	+294.41	+294.37	+295.15	+294.40	+286.39	+286.11
   1306.64	+294.41	+294.37	+295.15	+294.40	+286.47	+286.07
   1307.55	+294.41	+294.37	+295.15	+294.40	+286.31	+286.10
   1308.45	+294.41	+294.37	+295.15	+294.40	+286.38	+286.07
   1309.36	+294.41	+294.37	+295.15	+294.40	+286.40	+285.88
   1310.26	+294.42	+294.37	+295.15	+294.40	+286.42	+286.02
   1311.17	+294.42	+294.37	+295.15	+294.40	+286.32	+285.86
   1312.08	+294.41	+294.37	+295.15	+294.40	+286.36	+286.08
   1312.98	+294.41	+294.37	+295.15	+294.40	+286.37	+286.06
   1313.89	+294.41	+294.37	+295.15	+294.40	+286.29	+285.96
   1314.79	+294.41	+294.37	+295.15	+294.40	+286.41	+286.10
   1315.70	+294.41	+294.37	+295.15	+294.40	+286.33	+286.09
   1316.60	+294.41	+294.37	+295.15	+294.40	+286.38	+286.26
   1317.51	+294.41	+294.37	+295.15	+294.40	+286.39	+286.09
   1318.42	+294.41	+294.37	+295.15	+294.40	+286.29	+286.14
   1319.33	+294.41	+294.37	+295.15	+294.40	+286.43	+286.11
   1320.50	+294.42	+294.37	+295.15	+294.40	+286.43	+286.05
   1321.51	+294.41	+294.37	+295.15	+294.40	+286.31	+286.09
   1322.50	+294.41	+294.37	+295.15	+294.40	+286.30	+286.11
   1323.48	+294.41	+294.37	+295.15	+294.40	+286.36	+286.11
   1324.46	+294.42	+294.37	+295.15	+294.40	+286.36	+286.17
   1325.44	+294.41	+294.37	+295.15	+294.40	+286.37	+286.09
   1326.42	+294.41	+294.37	+295.15	+294.40	+286.31	+286.00
   1327.40	+294.41	+294.37	+295.15	+294.40	+286.41	+285.98
   1328.37	+294.41	+294.37	+295.15	+294.40	+286.48	+286.16
   1329.36	+294.41	+294.37	+295.15	+294.40	+286.37	+286.17
   1330.35	+294.41	+294.37	+295.15	+294.40	+286.42	+286.01
   1331.33	+294.41	+294.37	+295.15	+294.40	+286.49	+286.13
   1332.31	+294.41	+294.37	+295.15	+294.40	+286.46	+286.11
   1333.29	+294.41	+294.37	+295.15	+294.40	+286.39	+286.21
   1334.25	+294.41	+294.37	+295.15	+294.40	+286.52	+286.07
   1335.22	+294.41	+294.37	+295.15	+294.40	+286.52	+286.10
   1336.19	+294.41	+294.37	+295.15	+294.40	+286.55	+286.20
   1337.16	+294.41	+294.37	+295.15	+294.40	+286.48	+286.05
   1338.13	+294.41	+294.37	+295.15	+294.40	+286.47	+285.96
   1339.10	+294.41	+294.37	+295.15	+294.40	+286.41	+286.02
   1340.07	+294.41	+294.37	+295.15	+294.40	+286.37	+286.11
   1341.04	+294.41	+294.37	+295.15	+294.40	+286.42	+285.95
   1342.00	+294.41	+294.37	+295.16	+294.40	+286.50	+286.08
   1342.96	+294.41	+294.37	+295.16	+294.40	+286.33	+286.14
   1343.93	+294.41	+294.37	+295.16	+294.40	+286.44	+285.97
   1344.90	+294.41	+294.37	+295.16	+294.40	+286.42	+286.12
   1345.86	+294.41	+294.37	+295.16	+294.40	+286.42	+286.13
   1346.83	+294.41	+294.37	+295.16	+294.40	+286.40	+286.14
   1347.80	+294.41	+294.37	+295.16	+294.40	+286.68	+286.23
   1348.76	+294.41	+294.37	+295.16	+294.40	+286.36	+286.16
   1349.74	+294.41	+294.37	+295.16	+294.40	+286.38	+286.14
   1350.71	+294.41	+294.37	+295.16	+294.40	+286.66	+286.18
   1351.68	+294.41	+294.37	+295.15	+294.40	+286.56	+286.20
   1352.65	+294.42	+294.37	+295.16	+294.40	+286.44	+286.35
   1353.62	+294.42	+294.37	+295.16	+294.40	+286.57	+286.40
   1354.58	+294.41	+294.37	+295.15	+294.40	+286.47	+286.19
   1355.55	+294.42	+294.37	+295.15	+294.40	+286.32	+286.29
   1356.52	+294.42	+294.37	+295.15	+294.40	+286.34	+286.27
   1357.48	+294.42	+294.37	+295.15	+294.40	+286.45	+286.33
   1358.45	+294.41	+294.37	+295.15	+294.40	+286.40	+286.29
   1359.41	+294.42	+294.38	+295.15	+294.40	+286.41	+286.15
   1360.32	+294.41	+294.38	+295.15	+294.40	+286.38	+286.09
   1361.28	+294.42	+294.38	+295.15	+294.40	+286.47	+286.15
   1362.21	+294.42	+294.38	+295.15	+294.40	+286.52	+286.09
   1363.13	+294.41	+294.38	+295.15	+294.40	+286.42	+286.04
   1364.07	+294.42	+294.38	+295.15	+294.40	+286.43	+286.06
   1365.38	+294.42	+294.38	+295.15	+294.40	+286.52	+286.12
   1366.30	+294.42	+294.38	+295.15	+294.40	+286.37	+286.04
   1367.21	+294.42	+294.38	+295.15	+294.40	+286.48	+286.15
   1368.12	+294.41	+294.38	+295.15	+294.40	+286.41	+286.11
   1369.02	+294.42	+294.37	+295.16	+294.40	+286.46	+286.19
   1369.93	+294.42	+294.37	+295.16	+294.40	+286.45	+286.10
   1370.84	+294.42	+294.37	+295.15	+294.40	+286.57	+286.13
   1372.02	+294.42	+294.37	+295.16	+294.40	+286.57	+285.96
   1372.96	+294.42	+294.37	+295.15	+294.40	+286.44	+286.12
   1373.89	+294.41	+294.37	+295.15	+294.40	+286.41	+286.11
   1374.80	+294.41	+294.37	+295.16	+294.40	+286.44	+286.17
   1375.71	+294.42	+294.37	+295.15	+294.40	+286.38	+286.10
   1376.62	+294.42	+294.37	+295.15	+294.40	+286.39	+286.26
   1377.52	+294.42	+294.38	+295.15	+294.40	+286.40	+286.16
   1378.43	+294.42	+294.38	+295.15	+294.40	+286.45	+286.15
   1379.33	+294.42	+294.38	+295.15	+294.40	+286.55	+286.04
   1380.24	+294.42	+294.38	+295.15	+294.40	+286.36	+286.24
   1381.14	+294.42	+294.38	+295.15	+294.40	+286.48	+285.96
   1382.05	+294.42	+294.37	+295.15	+294.40	+286.49	+286.05
   1382.95	+294.42	+294.37	+295.15	+294.40	+286.54	+286.12
   1383.86	+294.42	+294.37	+295.15	+294.40	+286.38	+286.07
   1384.87	+294.42	+294.37	+295.15	+294.40	+286.36	+286.11
   1386.05	+294.41	+294.37	+295.15	+294.40	+286.32	+286.12
   1387.03	+294.42	+294.37	+295.15	+294.40	+286.49	+286.08
   1388.01	+294.42	+294.37	+295.15	+294.40	+286.42	+286.05
   1388.99	+294.42	+294.37	+295.15	+294.40	+286.62	+286.09
   1389.97	+294.42	+294.37	+295.15	+294.40	+286.44	+286.23
   1390.94	+294.42	+294.37	+295.15	+294.40	+286.44	+285.99
   1391.89	+294.42	+294.37	+295.15	+294.40	+286.53	+286.11