#--------------------------------------------------------------------
#Temperature Measurments using a Lakeshore Temperature Control 335 A-B Cernox
#Type of file: Complete Data
#Sensors: Sensor 1 -- CernoxA  Sensor 2 -- CernoxB  
#Date: 07-05-2021 15:46:31
#--------------------------------------------------------------------

#    Time	Sensor 1	Sensor 2	
      0.76	+294.83	+295.01
      1.67	+294.84	+295.01
      2.58	+294.83	+295.01
      3.48	+294.83	+295.00
      4.39	+294.84	+295.00
      5.29	+294.83	+295.01
      6.20	+294.83	+295.01
      7.10	+294.83	+295.01
      8.01	+294.83	+295.00
      8.91	+294.83	+295.01
      9.82	+294.83	+295.00
     10.72	+294.84	+295.01
     11.63	+294.83	+295.01
     12.53	+294.83	+295.00
     13.43	+294.83	+295.00
     14.34	+294.83	+295.01
     15.24	+294.84	+295.01
     16.15	+294.83	+295.00
     17.05	+294.83	+295.01
     17.96	+294.83	+295.00
     18.86	+294.83	+295.01
     19.77	+294.83	+295.01
     20.67	+294.84	+295.00
     21.58	+294.83	+295.00
     22.48	+294.83	+295.01
     23.38	+294.83	+295.01
     24.29	+294.84	+295.01
     25.19	+294.84	+295.01
     26.10	+294.83	+295.01
     27.00	+294.84	+295.01
     27.91	+294.83	+295.01
     28.81	+294.83	+295.01
     29.72	+294.83	+295.00
     30.62	+294.83	+295.01
     31.53	+294.83	+295.01
     32.43	+294.84	+295.00
     33.34	+294.84	+295.01
     34.24	+294.84	+295.01
     35.15	+294.83	+295.01
     36.05	+294.84	+295.01
     36.96	+294.83	+295.01
     37.86	+294.83	+295.00
     38.77	+294.84	+295.01
     39.67	+294.84	+295.01
     40.57	+294.83	+295.01
     41.48	+294.83	+295.01
     42.38	+294.84	+295.01
     43.29	+294.84	+295.00
     44.19	+294.84	+295.01
     45.10	+294.83	+295.01
     46.00	+294.84	+295.01
     46.91	+294.84	+295.01
     47.81	+294.84	+295.01
     48.72	+294.84	+295.01
     49.62	+294.84	+295.01
     50.53	+294.84	+295.01
     51.43	+294.84	+295.01
     52.34	+294.84	+295.01
     53.24	+294.83	+295.01
     54.15	+294.83	+295.00
     55.05	+294.84	+295.01
     55.96	+294.84	+295.01
     56.86	+294.84	+295.01
     57.77	+294.83	+295.00
     58.67	+294.83	+295.01
     59.58	+294.83	+295.01
     60.48	+294.83	+295.01
     61.39	+294.83	+295.01
     62.29	+294.83	+295.01
     63.19	+294.84	+295.01
     64.10	+294.84	+295.01
     65.00	+294.84	+295.01
     65.91	+294.83	+295.01
     66.81	+294.84	+295.01
     67.72	+294.84	+295.01
     68.62	+294.83	+295.01
     69.53	+294.83	+295.01
     70.43	+294.83	+295.01
     71.34	+294.84	+295.01
     72.24	+294.83	+295.01
     73.15	+294.83	+295.01
     74.05	+294.84	+295.01
     74.96	+294.83	+295.01
     75.86	+294.83	+295.01
     76.77	+294.83	+295.00
     77.67	+294.83	+295.01
     78.58	+294.84	+295.01
     79.48	+294.84	+295.01
     80.39	+294.83	+295.01
     81.29	+294.83	+295.01
     82.20	+294.83	+295.01
     83.10	+294.83	+295.01
     84.01	+294.84	+295.01
     84.91	+294.83	+295.01
     85.82	+294.83	+295.01
     86.72	+294.84	+295.01
     87.63	+294.83	+295.01
     88.53	+294.84	+295.00
     89.44	+294.83	+295.01
     90.35	+294.83	+295.00
     91.25	+294.83	+295.00
     92.16	+294.83	+295.01
     93.06	+294.84	+295.01
     93.97	+294.83	+295.00
     94.87	+294.83	+295.01
     95.78	+294.83	+295.01
     96.68	+294.83	+295.01
     97.59	+294.83	+295.01
     98.49	+294.84	+295.01
     99.40	+294.83	+295.01
    100.30	+294.84	+295.01
    101.21	+294.84	+295.01
    102.11	+294.84	+295.00
    103.02	+294.83	+295.01
    103.92	+294.83	+295.01
    104.82	+294.84	+295.01
    105.73	+294.84	+295.01
    106.63	+294.84	+295.01
    107.54	+294.84	+295.01
    108.45	+294.83	+295.01
    109.35	+294.83	+295.01
    110.26	+294.84	+295.00
    111.16	+294.84	+295.01
    112.07	+294.84	+295.01
    112.97	+294.83	+295.01
    113.88	+294.83	+295.01
    114.78	+294.83	+295.01
    115.69	+294.83	+295.01
    116.59	+294.83	+295.00
    117.50	+294.83	+295.01
    118.40	+294.84	+295.01
    119.31	+294.83	+295.01
    120.21	+294.84	+295.01
    121.12	+294.83	+295.00
    122.02	+294.83	+295.01
    122.92	+294.84	+295.01
    123.83	+294.84	+295.01
    124.73	+294.83	+295.01
    125.64	+294.84	+295.01
    126.55	+294.84	+295.01
    127.45	+294.83	+295.01
    128.36	+294.83	+295.01
    129.26	+294.83	+295.01
    130.16	+294.83	+295.00
    131.07	+294.84	+295.01
    131.97	+294.84	+295.01
    132.88	+294.83	+295.01
    133.78	+294.83	+295.00
    134.69	+294.83	+295.00
    135.60	+294.84	+295.01
    136.50	+294.83	+295.01
    137.40	+294.83	+295.01
    138.31	+294.83	+295.01
    139.21	+294.84	+295.01
    140.12	+294.83	+295.01
    141.02	+294.84	+295.01
    141.93	+294.83	+295.01
    142.83	+294.83	+295.01
    143.74	+294.83	+295.01
    144.64	+294.84	+295.01
    145.55	+294.84	+295.01
    146.45	+294.84	+295.01
    147.36	+294.83	+295.01
    148.26	+294.83	+295.01
    149.17	+294.83	+295.01
    150.07	+294.84	+295.01
    150.98	+294.84	+295.01
    151.88	+294.84	+295.01
    152.78	+294.84	+295.00
    153.69	+294.83	+295.01
    154.60	+294.84	+295.01
    155.50	+294.83	+295.01
    156.41	+294.84	+295.01
    157.31	+294.84	+295.01
    158.21	+294.83	+295.01
    159.12	+294.84	+295.01
    160.02	+294.84	+295.01
    160.93	+294.84	+295.01
    161.83	+294.84	+295.01
    162.74	+294.84	+295.01
    163.65	+294.84	+295.01
    164.55	+294.84	+295.01
    165.45	+294.84	+295.01
    166.36	+294.83	+295.01
    167.26	+294.84	+295.01
    168.17	+294.84	+295.01
    169.07	+294.84	+295.01
    169.98	+294.83	+295.01
    170.88	+294.84	+295.00
    171.79	+294.84	+295.01
    172.70	+294.83	+295.01
    173.60	+294.83	+295.01
    174.50	+294.83	+295.00
    175.41	+294.84	+295.01
    176.31	+294.84	+295.00
    177.22	+294.83	+295.01
    178.12	+294.84	+295.01
    179.03	+294.84	+295.01
    179.93	+294.84	+295.01
    180.84	+294.83	+295.01
    181.75	+294.84	+295.01
    182.65	+294.83	+295.01
    183.56	+294.84	+295.01
    184.46	+294.84	+295.01
    185.37	+294.84	+295.00
    186.27	+294.84	+295.01
    187.18	+294.84	+295.01
    188.08	+294.84	+295.01
    188.99	+294.83	+295.01
    189.89	+294.83	+295.01
    190.80	+294.83	+295.01
    191.70	+294.84	+295.01
    192.61	+294.83	+295.01
    193.51	+294.84	+295.01
    194.42	+294.83	+295.01
    195.32	+294.84	+295.01
    196.23	+294.83	+295.00
    197.13	+294.84	+295.00
    198.04	+294.84	+295.01
    198.94	+294.84	+295.01
    199.85	+294.83	+295.01
    200.75	+294.83	+295.01
    201.65	+294.83	+295.01
    202.56	+294.84	+295.01
    203.46	+294.84	+295.01
    204.37	+294.84	+295.01
    205.27	+294.83	+295.01
    206.18	+294.84	+295.01
    207.08	+294.84	+295.01
    207.99	+294.83	+295.01
    208.89	+294.84	+295.00
    209.79	+294.83	+295.01
    210.70	+294.84	+295.01
    211.60	+294.84	+295.01
    212.51	+294.83	+295.01
    213.41	+294.84	+295.01
    214.32	+294.84	+295.01
    215.22	+294.84	+295.01
    216.13	+294.84	+295.01
    217.03	+294.84	+295.01
    217.93	+294.84	+295.01
    218.84	+294.84	+295.01
    219.74	+294.83	+295.01
    220.69	+294.84	+295.01
    221.59	+294.84	+295.01
    222.50	+294.83	+295.01
    223.40	+294.84	+295.01
    224.31	+294.84	+295.01
    225.21	+294.83	+295.01
    226.11	+294.84	+295.01
    227.02	+294.84	+295.01
    227.92	+294.84	+295.01
    228.83	+294.84	+295.01
    229.73	+294.84	+295.01
    230.63	+294.83	+295.01
    231.54	+294.84	+295.01
    232.44	+294.84	+295.01
    233.34	+294.84	+295.01
    234.25	+294.84	+295.01
    235.15	+294.83	+295.01
    236.05	+294.84	+295.01
    236.96	+294.84	+295.01
    237.86	+294.83	+295.01
    238.77	+294.83	+295.01
    239.67	+294.84	+295.01
    240.57	+294.84	+295.01
    241.48	+294.83	+295.01
    242.38	+294.84	+295.01
    243.29	+294.84	+295.01
    244.19	+294.84	+295.01
    245.09	+294.84	+295.01
    246.00	+294.84	+295.01
    246.90	+294.84	+295.01
    247.80	+294.84	+295.01
    248.70	+294.84	+295.01
    249.61	+294.84	+295.01
    250.51	+294.84	+295.01
    251.41	+294.84	+295.01
    252.32	+294.84	+295.01
    253.22	+294.84	+295.01
    254.12	+294.84	+295.01
    255.03	+294.84	+295.01
    255.93	+294.84	+295.01
    256.83	+294.84	+295.01
    257.74	+294.83	+295.01
    258.64	+294.84	+295.01
    259.55	+294.84	+295.01
    260.45	+294.84	+295.01
    261.35	+294.84	+295.01
    262.26	+294.83	+295.01
    263.16	+294.83	+295.01
    264.07	+294.84	+295.01
    264.97	+294.84	+295.01
    265.88	+294.84	+295.01
    266.78	+294.83	+295.01
    267.68	+294.84	+295.01
    268.59	+294.84	+295.01
    269.49	+294.84	+295.01
    270.40	+294.84	+295.01
    271.30	+294.84	+295.01
    272.21	+294.84	+295.01
    273.11	+294.84	+295.01
    274.02	+294.84	+295.01
    274.92	+294.84	+295.01
    275.82	+294.83	+295.01
    276.73	+294.84	+295.01
    277.63	+294.84	+295.01
    278.53	+294.84	+295.01
    279.44	+294.84	+295.01
    280.34	+294.84	+295.01
    281.25	+294.83	+295.01
    282.15	+294.83	+295.01
    283.05	+294.84	+295.01
    283.96	+294.84	+295.01
    284.86	+294.84	+295.01
    285.77	+294.84	+295.01
    286.67	+294.84	+295.01
    287.57	+294.84	+295.01
    288.48	+294.84	+295.01
    289.38	+294.84	+295.01
    290.29	+294.84	+295.01
    291.19	+294.84	+295.01
    292.09	+294.84	+295.01
    293.00	+294.84	+295.01
    293.90	+294.84	+295.01
    294.80	+294.84	+295.01
    295.71	+294.84	+295.01
    296.61	+294.84	+295.01
    297.52	+294.84	+295.01
    298.42	+294.84	+295.01
    299.32	+294.84	+295.01
    300.23	+294.84	+295.01
    301.13	+294.84	+295.01
    302.03	+294.84	+295.01
    302.94	+294.84	+295.01
    303.84	+294.84	+295.01
    304.75	+294.84	+295.01
    305.65	+294.84	+295.01
    306.55	+294.84	+295.01
    307.46	+294.84	+295.01
    308.37	+294.84	+295.01
    309.27	+294.83	+295.01
    310.17	+294.84	+295.01
    311.08	+294.83	+295.01
    311.98	+294.84	+295.01
    312.89	+294.84	+295.01
    313.79	+294.84	+295.01
    314.70	+294.84	+295.01
    315.60	+294.84	+295.01
    316.51	+294.83	+295.01
    317.41	+294.84	+295.01
    318.32	+294.84	+295.01
    319.22	+294.84	+295.01
    320.13	+294.84	+295.01
    321.03	+294.84	+295.01
    321.93	+294.84	+295.01
    322.84	+294.84	+295.01
    323.74	+294.84	+295.01
    324.65	+294.84	+295.01
    325.55	+294.84	+295.01
    326.46	+294.84	+295.01
    327.36	+294.84	+295.01
    328.27	+294.84	+295.01
    329.17	+294.84	+295.01
    330.08	+294.84	+295.01
    330.98	+294.84	+295.01
    331.89	+294.83	+295.01
    332.79	+294.83	+295.01
    333.69	+294.84	+295.01
    334.60	+294.84	+295.01
    335.51	+294.84	+295.01
    336.41	+294.84	+295.01
    337.31	+294.84	+295.01
    338.22	+294.84	+295.01
    339.12	+294.84	+295.01
    340.03	+294.84	+295.01
    340.93	+294.84	+295.01
    341.84	+294.84	+295.01
    342.74	+294.84	+295.01
    343.65	+294.83	+295.01
    344.55	+294.83	+295.01
    345.46	+294.84	+295.01
    346.36	+294.84	+295.01
    347.26	+294.84	+295.01
    348.17	+294.84	+295.01
    349.07	+294.84	+295.01
    349.97	+294.84	+295.01
    350.88	+294.84	+295.01
    351.78	+294.83	+295.01
    352.69	+294.84	+295.01
    353.59	+294.83	+295.01
    354.50	+294.84	+295.01
    355.40	+294.84	+295.01
    356.30	+294.84	+295.01
    357.21	+294.84	+295.01
    358.11	+294.84	+295.01
    359.01	+294.84	+295.01
    359.92	+294.84	+295.01
    360.82	+294.84	+295.01
    361.72	+294.84	+295.01
    362.63	+294.84	+295.00
    363.53	+294.84	+295.01
    364.44	+294.84	+295.01
    365.34	+294.84	+295.01
    366.24	+294.84	+295.01
    367.15	+294.84	+295.01
    368.05	+294.84	+295.01
    368.96	+294.84	+295.01
    369.86	+294.84	+295.01
    370.77	+294.84	+295.01
    371.67	+294.84	+295.01
    372.57	+294.84	+295.01
    373.48	+294.84	+295.01
    374.38	+294.84	+295.01
    375.28	+294.84	+295.01
    376.19	+294.84	+295.01
    377.09	+294.84	+295.01
    377.99	+294.84	+295.01
    378.90	+294.84	+295.01
    379.80	+294.84	+295.01
    380.71	+294.84	+295.01
    381.61	+294.84	+295.01
    382.51	+294.84	+295.01
    383.42	+294.84	+295.01
    384.32	+294.84	+295.02
    385.22	+294.84	+295.01
    386.13	+294.84	+295.01
    387.03	+294.84	+295.01
    387.93	+294.84	+295.01
    388.84	+294.84	+295.01
    389.74	+294.84	+295.01
    390.65	+294.84	+295.01
    391.55	+294.84	+295.01
    392.46	+294.84	+295.01
    393.36	+294.84	+295.01
    394.26	+294.84	+295.01
    395.17	+294.84	+295.01
    396.07	+294.84	+295.01
    396.98	+294.83	+295.01
    397.88	+294.84	+295.01
    398.78	+294.84	+295.01
    399.69	+294.84	+295.01
    400.59	+294.84	+295.01
    401.50	+294.84	+295.01
    402.40	+294.84	+295.01
    403.30	+294.84	+295.01
    404.21	+294.84	+295.01
    405.11	+294.84	+295.01
    406.01	+294.84	+295.01
    406.92	+294.84	+295.01
    407.82	+294.84	+295.01
    408.73	+294.84	+295.01
    409.63	+294.84	+295.01
    410.54	+294.84	+295.01
    411.44	+294.84	+295.01
    412.34	+294.84	+295.01
    413.25	+294.84	+295.01
    414.15	+294.84	+295.01
    415.05	+294.84	+295.02
    415.96	+294.84	+295.01
    416.86	+294.84	+295.01
    417.76	+294.84	+295.01
    418.67	+294.84	+295.01
    419.57	+294.84	+295.01
    420.47	+294.84	+295.01
    421.37	+294.84	+295.01
    422.28	+294.84	+295.01
    423.18	+294.84	+295.01
    424.08	+294.84	+295.01
    424.98	+294.84	+295.01
    425.89	+294.84	+295.01
    426.79	+294.84	+295.01
    427.69	+294.84	+295.01
    428.59	+294.84	+295.01
    429.50	+294.84	+295.01
    430.40	+294.84	+295.01
    431.31	+294.84	+295.01
    432.21	+294.84	+295.01
    433.11	+294.84	+295.01
    434.02	+294.84	+295.01
    434.92	+294.83	+295.01
    435.82	+294.84	+295.01
    436.73	+294.84	+295.01
    437.63	+294.84	+295.01
    438.53	+294.84	+295.01
    439.44	+294.84	+295.01
    440.34	+294.84	+295.01
    441.24	+294.84	+295.01
    442.15	+294.84	+295.01
    443.05	+294.84	+295.01
    443.95	+294.84	+295.01
    444.86	+294.84	+295.01
    445.76	+294.84	+295.01
    446.67	+294.84	+295.01
    447.57	+294.84	+295.01
    448.48	+294.84	+295.01
    449.38	+294.84	+295.01
    450.28	+294.84	+295.01
    451.19	+294.84	+295.02
    452.09	+294.84	+295.01
    452.99	+294.84	+295.01
    453.90	+294.84	+295.01
    454.80	+294.84	+295.01
    455.70	+294.84	+295.01
    456.61	+294.84	+295.01
    457.51	+294.84	+295.01
    458.41	+294.84	+295.01
    459.32	+294.84	+295.01
    460.22	+294.84	+295.01
    461.12	+294.84	+295.01
    462.03	+294.84	+295.01
    462.93	+294.84	+295.01
    463.84	+294.84	+295.01
    464.74	+294.84	+295.01
    465.64	+294.84	+295.01
    466.55	+294.84	+295.01
    467.45	+294.84	+295.01
    468.35	+294.84	+295.01
    469.26	+294.84	+295.01
    470.16	+294.84	+295.02
    471.06	+294.84	+295.01
    471.97	+294.84	+295.01
    472.87	+294.84	+295.01
    473.77	+294.84	+295.01
    474.68	+294.84	+295.01
    475.58	+294.84	+295.01
    476.48	+294.84	+295.01
    477.39	+294.84	+295.01
    478.29	+294.84	+295.01
    479.20	+294.84	+295.01
    480.10	+294.84	+295.01
    481.00	+294.84	+295.01
    481.91	+294.84	+295.01
    482.81	+294.84	+295.01
    483.72	+294.84	+295.01
    484.62	+294.84	+295.01
    485.52	+294.84	+295.01
    486.43	+294.84	+295.01
    487.33	+294.84	+295.01
    488.24	+294.84	+295.01
    489.14	+294.84	+295.01
    490.05	+294.84	+295.01
    490.95	+294.84	+295.01
    491.86	+294.84	+295.01
    492.76	+294.84	+295.01
    493.66	+294.84	+295.01
    494.57	+294.84	+295.01
    495.47	+294.84	+295.01
    496.38	+294.84	+295.01
    497.28	+294.84	+295.01
    498.18	+294.84	+295.01
    499.09	+294.84	+295.01
    499.99	+294.84	+295.01
    500.89	+294.84	+295.01
    501.80	+294.84	+295.02
    502.70	+294.84	+295.01
    503.61	+294.84	+295.01
    504.51	+294.84	+295.01
    505.41	+294.84	+295.01
    506.32	+294.84	+295.01
    507.22	+294.84	+295.01
    508.12	+294.84	+295.01
    509.03	+294.84	+295.01
    509.93	+294.84	+295.01
    510.84	+294.84	+295.01
    511.74	+294.84	+295.01
    512.64	+294.84	+295.01
    513.55	+294.84	+295.01
    514.45	+294.84	+295.01
    515.35	+294.84	+295.01
    516.26	+294.84	+295.01
    517.16	+294.84	+295.01
    518.06	+294.84	+295.01
    518.97	+294.84	+295.01
    519.87	+294.84	+295.01
    520.77	+294.84	+295.01
    521.68	+294.84	+295.01
    522.58	+294.84	+295.01
    523.48	+294.84	+295.01
    524.39	+294.84	+295.02
    525.29	+294.84	+295.01
    526.20	+294.84	+295.01
    527.10	+294.84	+295.02
    528.01	+294.85	+295.01
    528.91	+294.84	+295.02
    529.82	+294.84	+295.01
    530.72	+294.84	+295.01
    531.62	+294.84	+295.01
    532.53	+294.84	+295.01
    533.43	+294.84	+295.01
    534.34	+294.84	+295.01
    535.24	+294.84	+295.01
    536.15	+294.84	+295.01
    537.05	+294.84	+295.01
    537.96	+294.84	+295.01
    538.86	+294.84	+295.01
    539.77	+294.84	+295.01
    540.67	+294.84	+295.01
    541.58	+294.84	+295.01
    542.49	+294.84	+295.01
    543.39	+294.84	+295.01
    544.30	+294.84	+295.01
    545.20	+294.84	+295.01
    546.11	+294.84	+295.01
    547.01	+294.84	+295.01
    547.91	+294.84	+295.01
    548.82	+294.84	+295.01
    549.72	+294.84	+295.01
    550.63	+294.84	+295.02
    551.53	+294.84	+295.01
    552.44	+294.84	+295.01
    553.34	+294.84	+295.01
    554.25	+294.84	+295.01
    555.15	+294.84	+295.01
    556.06	+294.84	+295.01
    556.96	+294.84	+295.01
    557.86	+294.84	+295.02
    558.77	+294.84	+295.01
    559.67	+294.84	+295.01
    560.58	+294.84	+295.01
    561.48	+294.84	+295.01
    562.39	+294.84	+295.01
    563.29	+294.84	+295.01
    564.20	+294.84	+295.01
    565.10	+294.84	+295.01
    566.01	+294.84	+295.01
    566.91	+294.84	+295.01
    567.81	+294.84	+295.01
    568.72	+294.84	+295.01
    569.62	+294.84	+295.02
    570.53	+294.84	+295.02
    571.43	+294.84	+295.01
    572.33	+294.84	+295.02
    573.23	+294.84	+295.01
    574.14	+294.84	+295.01
    575.04	+294.84	+295.01
    575.95	+294.84	+295.01
    576.85	+294.84	+295.01
    577.75	+294.84	+295.01
    578.66	+294.84	+295.01
    579.56	+294.84	+295.01
    580.46	+294.84	+295.01
    581.37	+294.84	+295.01
    582.27	+294.84	+295.01
    583.18	+294.84	+295.01
    584.08	+294.84	+295.02
    584.98	+294.84	+295.02
    585.89	+294.84	+295.02
    586.79	+294.84	+295.01
    587.69	+294.84	+295.01
    588.60	+294.84	+295.01
    589.50	+294.84	+295.01
    590.41	+294.84	+295.01
    591.31	+294.84	+295.01
    592.22	+294.84	+295.01
    593.12	+294.84	+295.01
    594.02	+294.84	+295.01
    594.93	+294.84	+295.02
    595.83	+294.85	+295.01
    596.73	+294.84	+295.01
    597.65	+294.84	+295.02
    598.55	+294.84	+295.01
    599.45	+294.84	+295.01
    600.36	+294.84	+295.01
    601.26	+294.84	+295.01
    602.17	+294.84	+295.01
    603.07	+294.84	+295.01
    603.97	+294.84	+295.01
    604.88	+294.84	+295.01
    605.78	+294.84	+295.01
    606.69	+294.84	+295.01
    607.59	+294.84	+295.01
    608.50	+294.84	+295.01
    609.40	+294.84	+295.01
    610.31	+294.84	+295.02
    611.21	+294.84	+295.01
    612.12	+294.84	+295.02
    613.02	+294.84	+295.01
    613.92	+294.84	+295.01
    614.83	+294.84	+295.02
    615.73	+294.84	+295.01
    616.64	+294.84	+295.02
    617.54	+294.84	+295.02
    618.44	+294.84	+295.01
    619.35	+294.84	+295.02
    620.25	+294.84	+295.01
    621.16	+294.84	+295.01
    622.06	+294.84	+295.02
    622.96	+294.84	+295.02
    623.87	+294.84	+295.02
    624.77	+294.84	+295.01
    625.68	+294.84	+295.01
    626.58	+294.84	+295.01
    627.49	+294.84	+295.01
    628.39	+294.84	+295.01
    629.30	+294.84	+295.02
    630.20	+294.84	+295.02
    631.11	+294.84	+295.01
    632.01	+294.84	+295.01
    632.92	+294.84	+295.02
    633.83	+294.84	+295.02
    634.73	+294.84	+295.01
    635.63	+294.84	+295.01
    636.54	+294.84	+295.02
    637.44	+294.84	+295.01
    638.35	+294.84	+295.01
    639.25	+294.84	+295.01
    640.16	+294.84	+295.02
    641.06	+294.84	+295.02
    641.97	+294.84	+295.01
    642.87	+294.84	+295.02
    643.78	+294.84	+295.02
    644.68	+294.84	+295.01
    645.59	+294.84	+295.01
    646.49	+294.84	+295.01
    647.40	+294.84	+295.01
    648.30	+294.84	+295.01
    649.21	+294.84	+295.01
    650.11	+294.84	+295.01
    651.02	+294.84	+295.01
    651.92	+294.84	+295.01
    652.83	+294.84	+295.01
    653.73	+294.84	+295.01
    654.64	+294.84	+295.01
    655.54	+294.84	+295.01
    656.44	+294.84	+295.01
    657.35	+294.84	+295.01
    658.25	+294.85	+295.02
    659.16	+294.84	+295.02
    660.06	+294.84	+295.01
    660.97	+294.84	+295.01
    661.87	+294.84	+295.02
    662.78	+294.84	+295.01
    663.68	+294.84	+295.01
    664.59	+294.84	+295.02
    665.49	+294.84	+295.01
    666.40	+294.84	+295.02
    667.30	+294.84	+295.01
    668.21	+294.84	+295.02
    669.11	+294.84	+295.02
    670.02	+294.84	+295.01
    670.92	+294.84	+295.01
    671.83	+294.84	+295.02
    672.73	+294.84	+295.01
    673.63	+294.84	+295.02
    674.54	+294.84	+295.01
    675.44	+294.84	+295.01
    676.35	+294.84	+295.01
    677.25	+294.84	+295.02
    678.16	+294.84	+295.02
    679.06	+294.84	+295.01
    679.97	+294.84	+295.01
    680.87	+294.84	+295.01
    681.78	+294.84	+295.02
    682.68	+294.84	+295.02
    683.59	+294.84	+295.01
    684.49	+294.85	+295.01
    685.40	+294.84	+295.01
    686.30	+294.84	+295.01
    687.21	+294.84	+295.01
    688.11	+294.84	+295.02
    689.02	+294.84	+295.01
    689.92	+294.84	+295.01
    690.83	+294.84	+295.01
    691.73	+294.84	+295.01
    692.63	+294.84	+295.01
    693.54	+294.84	+295.01
    694.44	+294.84	+295.01
    695.35	+294.84	+295.01
    696.25	+294.84	+295.01
    697.16	+294.84	+295.02
    698.06	+294.84	+295.01
    698.97	+294.84	+295.01
    699.87	+294.84	+295.01
    700.78	+294.84	+295.01
    701.68	+294.84	+295.02
    702.59	+294.84	+295.01
    703.49	+294.84	+295.01
    704.40	+294.84	+295.01
    705.30	+294.84	+295.01
    706.21	+294.84	+295.02
    707.11	+294.84	+295.02
    708.02	+294.84	+295.02
    708.92	+294.84	+295.01
    709.83	+294.84	+295.01
    710.73	+294.84	+295.01
    711.64	+294.84	+295.01
    712.54	+294.84	+295.02
    713.45	+294.84	+295.01
    714.35	+294.84	+295.02
    715.26	+294.84	+295.02
    716.16	+294.84	+295.01
    717.07	+294.84	+295.02
    717.97	+294.84	+295.01
    718.87	+294.84	+295.01
    719.78	+294.84	+295.01
    720.68	+294.84	+295.01
    721.59	+294.84	+295.02
    722.49	+294.85	+295.01
    723.40	+294.85	+295.02
    724.31	+294.84	+295.01
    725.21	+294.84	+295.01
    726.12	+294.84	+295.01
    727.02	+294.84	+295.02
    727.93	+294.84	+295.02
    728.83	+294.84	+295.02
    729.74	+294.84	+295.02
    730.64	+294.84	+295.01
    731.55	+294.84	+295.01
    732.45	+294.84	+295.02
    733.36	+294.84	+295.02
    734.26	+294.84	+295.01
    735.17	+294.84	+295.01
    736.07	+294.84	+295.01
    736.98	+294.85	+295.02
    737.88	+294.84	+295.01
    738.79	+294.85	+295.02
    739.69	+294.84	+295.02
    740.60	+294.84	+295.01
    741.50	+294.84	+295.02
    742.41	+294.84	+295.02
    743.31	+294.84	+295.02
    744.22	+294.84	+295.01
    745.12	+294.84	+295.01
    746.03	+294.84	+295.02
    746.93	+294.84	+295.02
    747.84	+294.84	+295.01
    748.74	+294.84	+295.01
    749.65	+294.84	+295.02
    750.55	+294.84	+295.02
    751.46	+294.84	+295.01
    752.36	+294.84	+295.01
    753.27	+294.84	+295.01
    754.17	+294.84	+295.01
    755.07	+294.84	+295.01
    755.98	+294.84	+295.01
    756.88	+294.84	+295.02
    757.79	+294.84	+295.01
    758.69	+294.84	+295.01
    759.60	+294.85	+295.01
    760.50	+294.84	+295.01
    761.41	+294.84	+295.02
    762.31	+294.84	+295.01
    763.22	+294.84	+295.02
    764.12	+294.84	+295.01
    765.03	+294.84	+295.02
    765.93	+294.84	+295.01
    766.84	+294.84	+295.02
    767.74	+294.84	+295.02
    768.65	+294.84	+295.01
    769.55	+294.84	+295.01
    770.46	+294.84	+295.01
    771.36	+294.84	+295.01
    772.27	+294.84	+295.02
    773.17	+294.84	+295.02
    774.08	+294.84	+295.02
    774.98	+294.84	+295.01
    775.89	+294.84	+295.02
    776.79	+294.84	+295.02
    777.70	+294.84	+295.02
    778.60	+294.84	+295.01
    779.50	+294.85	+295.01
    780.41	+294.84	+295.02
    781.31	+294.85	+295.02
    782.22	+294.84	+295.02
    783.12	+294.84	+295.02
    784.03	+294.84	+295.02
    784.93	+294.84	+295.02
    785.84	+294.84	+295.02
    786.75	+294.84	+295.02
    787.65	+294.84	+295.02
    788.56	+294.84	+295.02
    789.46	+294.84	+295.01
    790.36	+294.84	+295.02
    791.27	+294.84	+295.01
    792.17	+294.84	+295.02
    793.08	+294.84	+295.01
    793.98	+294.84	+295.02
    794.89	+294.84	+295.02
    795.79	+294.84	+295.01
    796.70	+294.84	+295.01
    797.60	+294.85	+295.02
    798.51	+294.84	+295.02
    799.41	+294.84	+295.01
    800.32	+294.85	+295.02
    801.22	+294.84	+295.02
    802.13	+294.84	+295.01
    803.03	+294.84	+295.01
    803.94	+294.84	+295.02
    804.84	+294.84	+295.02
    805.75	+294.84	+295.02
    806.65	+294.85	+295.01
    807.56	+294.84	+295.01
    808.46	+294.84	+295.02
    809.37	+294.85	+295.01
    810.27	+294.84	+295.02
    811.18	+294.84	+295.01
    812.08	+294.84	+295.02
    812.99	+294.84	+295.01
    813.89	+294.84	+295.02
    814.80	+294.84	+295.01
    815.71	+294.84	+295.01
    816.61	+294.85	+295.01
    817.52	+294.85	+295.02
    818.42	+294.84	+295.02
    819.32	+294.84	+295.02
    820.23	+294.84	+295.02
    821.13	+294.85	+295.02
    822.04	+294.85	+295.02
    822.94	+294.85	+295.02
    823.85	+294.84	+295.02
    824.75	+294.84	+295.02
    825.65	+294.84	+295.02
    826.56	+294.84	+295.02
    827.46	+294.84	+295.02
    828.37	+294.85	+295.01
    829.27	+294.84	+295.01
    830.18	+294.84	+295.02
    831.08	+294.84	+295.02
    831.99	+294.85	+295.01
    832.89	+294.84	+295.02
    833.80	+294.84	+295.02
    834.70	+294.85	+295.01
    835.61	+294.84	+295.01
    836.51	+294.84	+295.02
    837.42	+294.84	+295.02
    838.32	+294.84	+295.02
    839.23	+294.85	+295.02
    840.13	+294.84	+295.02
    841.04	+294.85	+295.02
    841.94	+294.84	+295.02
    842.85	+294.85	+295.02
    843.75	+294.85	+295.02
    844.65	+294.84	+295.02
    845.56	+294.84	+295.02
    846.46	+294.84	+295.02
    847.37	+294.84	+295.01
    848.27	+294.84	+295.02
    849.18	+294.85	+295.01
    850.08	+294.85	+295.02
    850.99	+294.85	+295.02
    851.89	+294.84	+295.02
    852.80	+294.84	+295.02
    853.70	+294.84	+295.02
    854.61	+294.84	+295.02
    855.51	+294.84	+295.01
    856.42	+294.84	+295.02
    857.32	+294.85	+295.01
    858.23	+294.84	+295.02
    859.13	+294.84	+295.01
    860.04	+294.84	+295.02
    860.94	+294.85	+295.02
    861.85	+294.84	+295.02
    862.75	+294.85	+295.02
    863.66	+294.85	+295.01
    864.56	+294.84	+295.01
    865.47	+294.84	+295.01
    866.37	+294.84	+295.02
    867.28	+294.84	+295.02
    868.18	+294.85	+295.02
    869.09	+294.84	+295.02
    869.99	+294.84	+295.02
    870.89	+294.85	+295.01
    871.80	+294.84	+295.02
    872.70	+294.85	+295.02
    873.61	+294.84	+295.02
    874.51	+294.84	+295.02
    875.41	+294.85	+295.02
    876.32	+294.85	+295.02
    877.23	+294.85	+295.02
    878.13	+294.84	+295.02
    879.04	+294.84	+295.02
    879.94	+294.85	+295.02
    880.84	+294.85	+295.02
    881.75	+294.84	+295.02
    882.65	+294.85	+295.02
    883.56	+294.84	+295.02
    884.46	+294.85	+295.01
    885.37	+294.85	+295.02
    886.27	+294.84	+295.01
    887.18	+294.84	+295.02
    888.08	+294.85	+295.02
    888.99	+294.84	+295.02
    889.89	+294.84	+295.02
    890.80	+294.84	+295.02
    891.70	+294.84	+295.02
    892.61	+294.84	+295.02
    893.51	+294.84	+295.02
    894.42	+294.85	+295.02
    895.32	+294.84	+295.02
    896.23	+294.85	+295.02
    897.13	+294.85	+295.02
    898.04	+294.84	+295.02
    898.94	+294.84	+295.02
    899.84	+294.84	+295.02
    900.75	+294.85	+295.02
    901.65	+294.85	+295.02
    902.56	+294.84	+295.02
    903.46	+294.84	+295.02
    904.37	+294.84	+295.02
    905.27	+294.85	+295.02
    906.18	+294.85	+295.02
    907.08	+294.85	+295.02
    907.99	+294.85	+295.02
    908.89	+294.84	+295.02
    909.80	+294.84	+295.02
    910.70	+294.84	+295.02
    911.60	+294.84	+295.02
    912.51	+294.85	+295.02
    913.41	+294.84	+295.02
    914.31	+294.84	+295.02
    915.22	+294.85	+295.02
    916.12	+294.84	+295.02
    917.02	+294.85	+295.01
    917.93	+294.84	+295.01
    918.83	+294.85	+295.02
    919.73	+294.84	+295.02
    920.64	+294.85	+295.02
    921.54	+294.84	+295.02
    922.44	+294.84	+295.02
    923.35	+294.85	+295.02
    924.25	+294.84	+295.02
    925.15	+294.84	+295.02
    926.06	+294.85	+295.02
    926.96	+294.85	+295.02
    927.87	+294.85	+295.02
    928.77	+294.85	+295.02
    929.68	+294.85	+295.02
    930.58	+294.85	+295.02
    931.48	+294.85	+295.02
    932.39	+294.85	+295.02
    933.29	+294.85	+295.02
    934.20	+294.85	+295.02
    935.10	+294.84	+295.02
    936.01	+294.84	+295.02
    936.91	+294.84	+295.02
    937.82	+294.85	+295.02
    938.72	+294.84	+295.02
    939.63	+294.84	+295.02
    940.53	+294.85	+295.02
    941.43	+294.84	+295.02
    942.34	+294.84	+295.02
    943.24	+294.85	+295.02
    944.14	+294.84	+295.02
    945.05	+294.84	+295.02
    945.95	+294.85	+295.02
    946.85	+294.84	+295.02
    947.75	+294.84	+295.02
    948.65	+294.84	+295.02
    949.56	+294.85	+295.02
    950.46	+294.84	+295.02
    951.37	+294.85	+295.02
    952.27	+294.85	+295.02
    953.17	+294.85	+295.02
    954.08	+294.85	+295.02
    954.98	+294.85	+295.02
    955.88	+294.85	+295.01
    956.79	+294.85	+295.02
    957.69	+294.84	+295.02
    958.60	+294.85	+295.02
    959.50	+294.85	+295.02
    960.40	+294.85	+295.02
    961.31	+294.84	+295.02
    962.21	+294.85	+295.02
    963.12	+294.85	+295.02
    964.02	+294.84	+295.02
    964.92	+294.84	+295.02
    965.83	+294.84	+295.02
    966.73	+294.85	+295.02
    967.64	+294.84	+295.02
    968.54	+294.85	+295.02
    969.45	+294.85	+295.02
    970.37	+294.85	+295.02
    971.27	+294.84	+295.02
    972.18	+294.84	+295.02
    973.08	+294.85	+295.02
    973.99	+294.85	+295.02
    974.89	+294.85	+295.02
    975.80	+294.85	+295.02
    976.70	+294.85	+295.02
    977.61	+294.85	+295.02
    978.51	+294.85	+295.02
    979.42	+294.84	+295.02
    980.32	+294.85	+295.02
    981.23	+294.85	+295.02
    982.13	+294.85	+295.01
    983.03	+294.85	+295.02
    983.94	+294.85	+295.02
    984.84	+294.85	+295.02
    985.75	+294.85	+295.02
    986.65	+294.85	+295.02
    987.56	+294.84	+295.02
    988.46	+294.85	+295.02
    989.37	+294.84	+295.01
    990.27	+294.84	+295.02
    991.18	+294.84	+295.02
    992.08	+294.85	+295.02
    992.99	+294.85	+295.02
    993.89	+294.84	+295.02
    994.80	+294.85	+295.02
    995.71	+294.85	+295.02
    996.61	+294.85	+295.02
    997.52	+294.85	+295.02
    998.42	+294.85	+295.02
    999.33	+294.85	+295.02
   1000.23	+294.84	+295.02
   1001.14	+294.85	+295.01
   1002.04	+294.84	+295.02
   1002.94	+294.85	+295.02
   1003.85	+294.84	+295.02
   1004.75	+294.85	+295.02
   1005.66	+294.85	+295.02
   1006.56	+294.85	+295.02
   1007.46	+294.84	+295.02
   1008.37	+294.84	+295.02
   1009.27	+294.84	+295.02
   1010.18	+294.85	+295.02
   1011.08	+294.85	+295.02
   1011.99	+294.85	+295.01
   1012.90	+294.84	+295.02
   1013.80	+294.85	+295.02
   1014.70	+294.85	+295.02
   1015.61	+294.85	+295.02
   1016.51	+294.85	+295.02
   1017.42	+294.85	+295.02
   1018.32	+294.85	+295.02
   1019.23	+294.85	+295.02
   1020.13	+294.84	+295.02
   1021.03	+294.84	+295.02
   1021.94	+294.85	+295.02
   1022.85	+294.85	+295.02
   1023.75	+294.85	+295.02
   1024.66	+294.84	+295.02
   1025.56	+294.84	+295.02
   1026.47	+294.85	+295.02
   1027.37	+294.85	+295.02
   1028.28	+294.85	+295.02
   1029.18	+294.85	+295.02
   1030.08	+294.85	+295.02
   1030.99	+294.84	+295.02
   1031.90	+294.85	+295.02
   1032.80	+294.85	+295.02
   1033.71	+294.85	+295.02
   1034.61	+294.85	+295.02
   1035.51	+294.85	+295.02
   1036.41	+294.85	+295.02
   1037.32	+294.85	+295.02
   1038.22	+294.85	+295.02
   1039.12	+294.85	+295.02
   1040.03	+294.85	+295.02
   1040.94	+294.85	+295.02
   1041.84	+294.85	+295.02
   1042.74	+294.85	+295.02
   1043.65	+294.85	+295.02
   1044.55	+294.85	+295.02
   1045.46	+294.85	+295.02
   1046.36	+294.85	+295.02
   1047.27	+294.84	+295.02
   1048.17	+294.85	+295.02
   1049.08	+294.85	+295.02
   1049.98	+294.85	+295.02
   1050.89	+294.85	+295.02
   1051.79	+294.85	+295.02
   1052.70	+294.85	+295.02
   1053.60	+294.85	+295.02
   1054.51	+294.85	+295.02
   1055.41	+294.85	+295.02
   1056.32	+294.85	+295.02
   1057.22	+294.85	+295.02
   1058.13	+294.85	+295.02
   1059.03	+294.85	+295.02
   1059.93	+294.85	+295.02
   1060.84	+294.85	+295.02
   1061.74	+294.85	+295.02
   1062.65	+294.85	+295.02
   1063.55	+294.85	+295.02
   1064.46	+294.85	+295.02
   1065.36	+294.85	+295.02
   1066.27	+294.85	+295.02
   1067.17	+294.85	+295.02
   1068.07	+294.85	+295.02
   1068.98	+294.85	+295.02
   1069.88	+294.85	+295.02
   1070.79	+294.85	+295.02
   1071.69	+294.85	+295.02
   1072.60	+294.85	+295.02
   1073.50	+294.85	+295.02
   1074.41	+294.84	+295.02
   1075.32	+294.85	+295.02
   1076.22	+294.85	+295.02
   1077.13	+294.85	+295.02
   1078.03	+294.85	+295.02
   1078.94	+294.85	+295.02
   1079.84	+294.85	+295.02
   1080.75	+294.85	+295.02
   1081.65	+294.85	+295.02
   1082.56	+294.84	+295.02
   1083.46	+294.84	+295.02
   1084.37	+294.85	+295.02
   1085.28	+294.85	+295.02
   1086.18	+294.85	+295.02
   1087.09	+294.85	+295.02
   1087.99	+294.85	+295.02
   1088.90	+294.85	+295.02
   1089.80	+294.84	+295.02
   1090.70	+294.84	+295.02
   1091.61	+294.85	+295.02
   1092.51	+294.85	+295.02
   1093.42	+294.85	+295.02
   1094.33	+294.85	+295.02
   1095.23	+294.85	+295.02
   1096.13	+294.85	+295.02
   1097.04	+294.85	+295.02
   1097.94	+294.85	+295.02
   1098.85	+294.85	+295.02
   1099.75	+294.85	+295.02
   1100.65	+294.85	+295.02
   1101.55	+294.85	+295.02
   1102.46	+294.85	+295.02
   1103.37	+294.85	+295.02
   1104.27	+294.85	+295.02
   1105.18	+294.84	+295.02
   1106.08	+294.85	+295.02
   1106.98	+294.85	+295.02
   1107.89	+294.85	+295.02
   1108.79	+294.85	+295.02
   1109.70	+294.85	+295.02
   1110.60	+294.85	+295.02
   1111.51	+294.85	+295.02
   1112.41	+294.84	+295.02
   1113.32	+294.84	+295.02
   1114.22	+294.85	+295.02
   1115.13	+294.84	+295.02
   1116.03	+294.85	+295.02
   1116.94	+294.85	+295.02
   1117.84	+294.85	+295.02
   1118.75	+294.85	+295.02
   1119.65	+294.85	+295.02
   1120.56	+294.85	+295.02
   1121.46	+294.85	+295.02
   1122.37	+294.85	+295.02
   1123.27	+294.85	+295.02
   1124.18	+294.85	+295.02
   1125.08	+294.85	+295.02
   1125.98	+294.85	+295.02
   1126.89	+294.85	+295.02
   1127.79	+294.85	+295.02
   1128.70	+294.85	+295.02
   1129.60	+294.85	+295.02
   1130.51	+294.85	+295.02
   1131.41	+294.85	+295.02
   1132.32	+294.85	+295.02
   1133.22	+294.85	+295.02
   1134.13	+294.85	+295.02
   1135.03	+294.85	+295.02
   1135.94	+294.85	+295.02
   1136.84	+294.85	+295.02
   1137.75	+294.85	+295.02
   1138.65	+294.85	+295.02
   1139.56	+294.85	+295.02
   1140.46	+294.85	+295.02
   1141.37	+294.85	+295.02
   1142.27	+294.85	+295.02
   1143.18	+294.85	+295.02
   1144.08	+294.85	+295.02
   1144.99	+294.85	+295.02
   1145.89	+294.85	+295.02
   1146.80	+294.85	+295.02
   1147.70	+294.85	+295.02
   1148.61	+294.85	+295.02
   1149.51	+294.85	+295.02
   1150.42	+294.85	+295.02
   1151.32	+294.85	+295.02
   1152.23	+294.85	+295.02
   1153.13	+294.85	+295.02
   1154.04	+294.85	+295.02
   1154.94	+294.85	+295.02
   1155.85	+294.85	+295.02
   1156.75	+294.85	+295.02
   1157.66	+294.85	+295.02
   1158.57	+294.85	+295.02
   1159.47	+294.84	+295.02
   1160.38	+294.85	+295.02
   1161.28	+294.85	+295.02
   1162.19	+294.85	+295.02
   1163.09	+294.85	+295.02
   1164.00	+294.85	+295.02
   1164.90	+294.85	+295.02
   1165.81	+294.85	+295.02
   1166.71	+294.85	+295.02
   1167.62	+294.85	+295.02
   1168.53	+294.85	+295.02
   1169.43	+294.85	+295.02
   1170.34	+294.85	+295.02
   1171.24	+294.85	+295.02
   1172.15	+294.84	+295.02
   1173.05	+294.85	+295.02
   1173.96	+294.85	+295.02
   1174.86	+294.85	+295.02
   1175.77	+294.85	+295.02
   1176.68	+294.85	+295.02
   1177.58	+294.85	+295.02
   1178.49	+294.85	+295.02
   1179.39	+294.85	+295.02
   1180.30	+294.85	+295.02
   1181.20	+294.85	+295.02
   1182.11	+294.85	+295.02
   1183.01	+294.85	+295.02
   1183.92	+294.85	+295.02
   1184.83	+294.85	+295.02
   1185.73	+294.85	+295.02
   1186.64	+294.85	+295.02
   1187.54	+294.85	+295.02
   1188.45	+294.85	+295.02
   1189.35	+294.85	+295.02
   1190.26	+294.85	+295.02
   1191.16	+294.85	+295.02
   1192.07	+294.85	+295.02
   1192.97	+294.85	+295.02
   1193.88	+294.85	+295.02
   1194.78	+294.85	+295.02
   1195.69	+294.85	+295.02
   1196.59	+294.85	+295.02
   1197.50	+294.85	+295.02
   1198.40	+294.85	+295.02
   1199.31	+294.85	+295.02
   1200.21	+294.85	+295.02
   1201.12	+294.85	+295.02
   1202.02	+294.85	+295.02
   1202.93	+294.85	+295.02
   1203.84	+294.85	+295.02
   1204.74	+294.85	+295.03
   1205.65	+294.85	+295.02
   1206.55	+294.85	+295.02
   1207.46	+294.85	+295.02
   1208.36	+294.85	+295.02
   1209.27	+294.85	+295.03
   1210.17	+294.85	+295.02
   1211.08	+294.85	+295.03
   1211.98	+294.85	+295.02
   1212.89	+294.85	+295.02
   1213.79	+294.85	+295.02
   1214.70	+294.85	+295.02
   1215.60	+294.85	+295.02
   1216.51	+294.85	+295.02
   1217.42	+294.85	+295.02
   1218.32	+294.85	+295.02
   1219.23	+294.85	+295.02
   1220.13	+294.85	+295.02
   1221.04	+294.85	+295.02
   1221.94	+294.85	+295.02
   1222.85	+294.85	+295.02
   1223.75	+294.85	+295.02
   1224.66	+294.85	+295.02
   1225.56	+294.85	+295.02
   1226.47	+294.85	+295.02
   1227.37	+294.85	+295.02
   1228.28	+294.85	+295.02
   1229.18	+294.85	+295.02
   1230.09	+294.85	+295.02
   1230.99	+294.85	+295.02
   1231.90	+294.85	+295.03
   1232.80	+294.85	+295.02
   1233.71	+294.85	+295.02
   1234.62	+294.85	+295.02
   1235.52	+294.85	+295.02
   1236.43	+294.85	+295.02
   1237.33	+294.85	+295.02
   1238.24	+294.85	+295.02
   1239.14	+294.85	+295.02
   1240.05	+294.85	+295.02
   1240.95	+294.85	+295.02
   1241.86	+294.85	+295.02
   1242.76	+294.85	+295.02
   1243.67	+294.85	+295.02
   1244.57	+294.85	+295.02
   1245.48	+294.85	+295.02
   1246.38	+294.85	+295.02
   1247.29	+294.85	+295.02
   1248.20	+294.85	+295.02
   1249.10	+294.85	+295.02
   1250.01	+294.85	+295.02
   1250.91	+294.85	+295.02
   1251.82	+294.85	+295.02
   1252.72	+294.85	+295.02
   1253.63	+294.85	+295.02
   1254.53	+294.85	+295.02
   1255.44	+294.85	+295.02
   1256.34	+294.85	+295.02
   1257.25	+294.85	+295.03
   1258.16	+294.85	+295.02
   1259.06	+294.85	+295.02
   1259.97	+294.85	+295.02
   1260.87	+294.85	+295.02
   1261.78	+294.85	+295.02
   1262.68	+294.85	+295.02
   1263.59	+294.85	+295.02
   1264.49	+294.85	+295.02
   1265.40	+294.85	+295.02
   1266.31	+294.85	+295.02
   1267.21	+294.85	+295.02
   1268.12	+294.85	+295.02
   1269.03	+294.85	+295.02
   1269.93	+294.85	+295.02
   1270.84	+294.85	+295.03
   1271.74	+294.85	+295.02
   1272.65	+294.85	+295.02
   1273.55	+294.85	+295.02
   1274.46	+294.85	+295.02
   1275.36	+294.85	+295.03
   1276.27	+294.85	+295.02
   1277.17	+294.85	+295.02
   1278.08	+294.85	+295.02
   1278.98	+294.85	+295.02
   1279.89	+294.85	+295.02
   1280.79	+294.85	+295.02
   1281.70	+294.85	+295.03
   1282.60	+294.85	+295.03
   1283.51	+294.85	+295.02
   1284.42	+294.85	+295.02
   1285.32	+294.85	+295.03
   1286.23	+294.85	+295.02
   1287.13	+294.85	+295.03
   1288.04	+294.85	+295.02
   1288.94	+294.85	+295.02
   1289.85	+294.85	+295.02
   1290.75	+294.85	+295.02
   1291.66	+294.85	+295.02
   1292.56	+294.85	+295.02
   1293.47	+294.85	+295.03
   1294.37	+294.85	+295.02
   1295.28	+294.85	+295.02
   1296.18	+294.85	+295.02
   1297.09	+294.85	+295.02
   1297.99	+294.85	+295.02
   1298.90	+294.85	+295.02
   1299.80	+294.85	+295.03
   1300.71	+294.85	+295.02
   1301.61	+294.85	+295.03
   1302.52	+294.85	+295.03
   1303.43	+294.85	+295.03
   1304.33	+294.85	+295.02
   1305.24	+294.85	+295.02
   1306.14	+294.85	+295.03
   1307.05	+294.85	+295.02
   1307.95	+294.85	+295.02
   1308.86	+294.85	+295.02
   1309.76	+294.85	+295.03
   1310.67	+294.85	+295.02
   1311.57	+294.85	+295.02
   1312.48	+294.85	+295.02
   1313.38	+294.85	+295.02
   1314.29	+294.85	+295.02
   1315.20	+294.85	+295.02
   1316.10	+294.85	+295.02
   1317.00	+294.85	+295.02
   1317.91	+294.85	+295.02
   1318.82	+294.85	+295.03
   1319.74	+294.85	+295.02
   1320.95	+294.85	+295.02
   1321.93	+294.85	+295.03
   1322.91	+294.85	+295.03
   1323.89	+294.85	+295.02
   1324.87	+294.85	+295.02
   1325.85	+294.85	+295.02
   1326.83	+294.85	+295.02
   1327.81	+294.85	+295.02
   1328.78	+294.85	+295.02
   1329.77	+294.85	+295.03
   1330.76	+294.86	+295.02
   1331.74	+294.85	+295.03
   1332.72	+294.85	+295.02
   1333.69	+294.85	+295.03
   1334.66	+294.85	+295.03
   1335.62	+294.85	+295.03
   1336.59	+294.85	+295.03
   1337.56	+294.85	+295.02
   1338.53	+294.85	+295.02
   1339.50	+294.85	+295.03
   1340.47	+294.85	+295.03
   1341.44	+294.86	+295.02
   1342.40	+294.85	+295.02
   1343.37	+294.85	+295.02
   1344.33	+294.85	+295.03
   1345.30	+294.85	+295.02
   1346.27	+294.85	+295.02
   1347.23	+294.85	+295.03
   1348.20	+294.85	+295.02
   1349.17	+294.85	+295.03
   1350.14	+294.85	+295.02
   1351.11	+294.85	+295.02
   1352.08	+294.85	+295.03
   1353.05	+294.85	+295.03
   1354.02	+294.85	+295.03
   1354.99	+294.85	+295.02
   1355.95	+294.86	+295.03
   1356.92	+294.85	+295.03
   1357.88	+294.85	+295.02
   1358.85	+294.85	+295.02
   1359.81	+294.85	+295.03
   1360.72	+294.85	+295.03
   1361.69	+294.85	+295.03
   1362.61	+294.85	+295.02
   1363.55	+294.85	+295.03
   1364.60	+294.85	+295.03
   1365.79	+294.85	+295.02
   1366.70	+294.85	+295.03
   1367.62	+294.85	+295.03
   1368.52	+294.85	+295.02
   1369.43	+294.85	+295.02
   1370.33	+294.85	+295.03
   1371.33	+294.85	+295.03
   1372.44	+294.85	+295.02
   1373.37	+294.86	+295.03
   1374.29	+294.85	+295.02
   1375.20	+294.85	+295.03
   1376.11	+294.86	+295.02
   1377.02	+294.85	+295.02
   1377.92	+294.85	+295.02
   1378.83	+294.85	+295.03
   1379.73	+294.85	+295.03
   1380.64	+294.85	+295.03
   1381.54	+294.85	+295.03
   1382.45	+294.85	+295.02
   1383.35	+294.85	+295.02
   1384.27	+294.86	+295.03
   1385.48	+294.85	+295.03
   1386.46	+294.86	+295.03
   1387.43	+294.85	+295.03
   1388.42	+294.85	+295.03
   1389.40	+294.86	+295.03
   1390.38	+294.85	+295.03
   1391.34	+294.85	+295.02
   1392.30	+294.85	+295.03